BoneCount:211
Name:mixamorig6:Head i:0 p:1 ToParentTransform:1.000000 0.000000 -0.000000 0.000000 0.000000 1.000000 -0.000000 0.000000 -0.000000 -0.000000 1.000000 -0.000000 0.000000 0.037798 -0.013459 1.000000 OffetTransform:1.000000 0.000000 -0.000000 0.000000 0.000000 1.000000 -0.000000 0.000000 -0.000000 -0.000000 1.000000 -0.000000 0.000000 -1.516309 -0.010784 1.000000 
ChildrenCount:1, 60 
Name:mixamorig6:Neck i:1 p:59 ToParentTransform:1.000000 0.000000 -0.000000 0.000000 0.000000 1.000000 -0.000000 0.000000 -0.000000 -0.000000 1.000000 -0.000000 0.000000 0.000000 -0.000000 1.000000 OffetTransform:1.000000 0.000000 -0.000000 0.000000 0.000000 1.000000 -0.000000 0.000000 -0.000000 -0.000000 1.000000 -0.000000 0.000000 -1.478511 -0.024243 1.000000 
ChildrenCount:1, 0 
Name:mixamorig6:Spine2 i:2 p:49 ToParentTransform:1.000000 0.000000 -0.000000 0.000000 0.000000 1.000000 -0.000000 0.000000 -0.000000 -0.000000 1.000000 -0.000000 0.000000 0.137119 0.000000 1.000000 OffetTransform:1.000000 0.000000 -0.000000 0.000000 0.000000 0.995399 -0.095818 0.000000 -0.000000 0.095818 0.995399 -0.000000 0.000000 -1.319772 0.117536 1.000000 
ChildrenCount:3, 57 61 123 
Name:mixamorig6:LeftForeArm i:3 p:69 ToParentTransform:1.000000 0.000000 -0.000000 0.000000 0.000000 1.000000 -0.000000 0.000000 -0.000000 -0.000000 1.000000 -0.000000 0.000000 0.000000 -0.000000 1.000000 OffetTransform:0.053592 0.998509 -0.010369 0.000000 -0.090647 0.015206 0.995767 0.000000 0.994440 -0.052425 0.091327 -0.000000 0.062214 -0.476769 -1.405441 1.000000 
ChildrenCount:1, 70 
Name:mixamorig6:LeftHand i:4 p:72 ToParentTransform:1.000000 0.000000 -0.000000 0.000000 0.000000 1.000000 -0.000000 0.000000 -0.000000 -0.000000 1.000000 -0.000000 0.000000 0.000000 -0.000000 1.000000 OffetTransform:0.012562 0.996351 0.084419 0.000000 -0.014707 -0.084233 0.996337 0.000000 0.999813 -0.013757 0.013595 -0.000000 -0.016216 -0.591161 -1.471693 1.000000 
ChildrenCount:5, 73 83 93 103 113 
Name:mixamorig6:LeftArm i:5 p:66 ToParentTransform:1.000000 0.000000 -0.000000 0.000000 0.000000 1.000000 -0.000000 0.000000 -0.000000 -0.000000 1.000000 -0.000000 0.000000 0.000000 -0.000000 1.000000 OffetTransform:-0.067341 0.996740 0.044447 0.000000 -0.085214 -0.050131 0.995101 0.000000 0.994084 0.063224 0.088312 -0.000000 0.109961 -0.117760 -1.429489 1.000000 
ChildrenCount:1, 67 
Name:mixamorig6:LeftHandThumb1 i:6 p:75 ToParentTransform:1.000000 0.000000 -0.000000 0.000000 0.000000 1.000000 -0.000000 0.000000 -0.000000 -0.000000 1.000000 -0.000000 0.000000 0.000000 -0.000000 1.000000 OffetTransform:0.607917 0.713651 0.348051 0.000000 -0.062310 -0.394120 0.916944 0.000000 0.791552 -0.579113 -0.195124 -0.000000 -0.363551 0.024419 -1.541475 1.000000 
ChildrenCount:1, 76 
Name:mixamorig6:LeftHandRing1 i:7 p:105 ToParentTransform:1.000000 0.000000 -0.000000 0.000000 0.000000 1.000000 -0.000000 0.000000 -0.000000 -0.000000 1.000000 -0.000000 0.000000 0.000000 -0.000000 1.000000 OffetTransform:-0.051458 0.984241 0.169180 0.000000 -0.009266 -0.169867 0.985424 0.000000 0.998632 0.049140 0.017861 -0.000000 0.016724 -0.564836 -1.527455 1.000000 
ChildrenCount:1, 106 
Name:mixamorig6:LeftHandPinky1 i:8 p:115 ToParentTransform:1.000000 0.000000 -0.000000 0.000000 0.000000 1.000000 -0.000000 0.000000 -0.000000 -0.000000 1.000000 -0.000000 0.000000 0.000000 -0.000000 1.000000 OffetTransform:-0.130484 0.953383 0.272093 0.000000 -0.002472 -0.274751 0.961512 0.000000 0.991447 0.124789 0.038208 -0.000000 0.047900 -0.390053 -1.576435 1.000000 
ChildrenCount:1, 116 
Name:mixamorig6:LeftHandMiddle2 i:9 p:98 ToParentTransform:1.000000 0.000000 -0.000000 0.000000 0.000000 1.000000 -0.000000 0.000000 -0.000000 -0.000000 1.000000 -0.000000 0.000000 0.000000 -0.000000 1.000000 OffetTransform:0.070420 0.958653 0.275726 0.000000 -0.019575 -0.275030 0.961236 0.000000 0.997325 -0.073087 -0.000602 -0.000000 -0.044974 -0.422336 -1.582861 1.000000 
ChildrenCount:1, 99 
Name:mixamorig6:LeftHandMiddle3 i:10 p:101 ToParentTransform:1.000000 0.000000 -0.000000 0.000000 0.000000 1.000000 -0.000000 0.000000 -0.000000 -0.000000 1.000000 -0.000000 0.000000 0.000000 -0.000000 1.000000 OffetTransform:0.070420 0.985671 0.153278 0.000000 -0.019575 -0.152264 0.988146 0.000000 0.997325 -0.072585 0.008572 -0.000000 -0.044988 -0.648635 -1.513442 1.000000 
ChildrenCount:1, 102 
Name:mixamorig6:LeftHandMiddle1 i:11 p:95 ToParentTransform:1.000000 0.000000 -0.000000 0.000000 0.000000 1.000000 -0.000000 0.000000 -0.000000 -0.000000 1.000000 -0.000000 0.000000 0.000000 -0.000000 1.000000 OffetTransform:0.070420 0.975084 0.210362 0.000000 -0.019575 -0.209494 0.977614 0.000000 0.997325 -0.072961 0.004335 -0.000000 -0.044976 -0.496465 -1.550728 1.000000 
ChildrenCount:1, 96 
Name:mixamorig6:LeftHandIndex2 i:12 p:88 ToParentTransform:1.000000 0.000000 -0.000000 0.000000 0.000000 1.000000 -0.000000 0.000000 -0.000000 -0.000000 1.000000 -0.000000 0.000000 0.000000 -0.000000 1.000000 OffetTransform:0.229499 0.944157 0.236428 0.000000 -0.032719 -0.235290 0.971374 0.000000 0.972759 -0.230665 -0.023107 -0.000000 -0.131381 -0.463822 -1.560341 1.000000 
ChildrenCount:1, 89 
Name:mixamorig6:LeftHandIndex3 i:13 p:91 ToParentTransform:1.000000 0.000000 -0.000000 0.000000 0.000000 1.000000 -0.000000 0.000000 -0.000000 -0.000000 1.000000 -0.000000 0.000000 0.000000 -0.000000 1.000000 OffetTransform:0.229499 0.933771 0.274594 0.000000 -0.032719 -0.274563 0.961012 0.000000 0.972759 -0.229536 -0.032460 -0.000000 -0.131383 -0.429287 -1.579087 1.000000 
ChildrenCount:1, 92 
Name:mixamorig6:LeftHandIndex1 i:14 p:85 ToParentTransform:1.000000 0.000000 -0.000000 0.000000 0.000000 1.000000 -0.000000 0.000000 -0.000000 -0.000000 1.000000 -0.000000 0.000000 0.000000 -0.000000 1.000000 OffetTransform:0.229499 0.951207 0.206241 0.000000 -0.032719 -0.204238 0.978374 0.000000 0.972759 -0.231284 -0.015750 -0.000000 -0.131373 -0.482154 -1.544780 1.000000 
ChildrenCount:1, 86 
Name:mixamorig6:LeftHandRing2 i:15 p:108 ToParentTransform:1.000000 0.000000 -0.000000 0.000000 0.000000 1.000000 -0.000000 0.000000 -0.000000 -0.000000 1.000000 -0.000000 0.000000 0.000000 -0.000000 1.000000 OffetTransform:-0.051458 0.976916 0.207334 0.000000 -0.009266 -0.208067 0.978071 0.000000 0.998632 0.048408 0.019759 -0.000000 0.016682 -0.532544 -1.549342 1.000000 
ChildrenCount:1, 109 
Name:mixamorig6:LeftHandPinky2 i:16 p:118 ToParentTransform:1.000000 0.000000 -0.000000 0.000000 0.000000 1.000000 -0.000000 0.000000 -0.000000 -0.000000 1.000000 -0.000000 0.000000 0.000000 -0.000000 1.000000 OffetTransform:-0.130484 0.951693 0.277946 0.000000 -0.002472 -0.280654 0.959806 0.000000 0.991447 0.124552 0.038974 -0.000000 0.047883 -0.406513 -1.578963 1.000000 
ChildrenCount:1, 119 
Name:mixamorig6:LeftHandPinky3 i:17 p:121 ToParentTransform:1.000000 0.000000 -0.000000 0.000000 0.000000 1.000000 -0.000000 0.000000 -0.000000 -0.000000 1.000000 -0.000000 0.000000 0.000000 -0.000000 1.000000 OffetTransform:-0.130483 0.895271 0.425986 0.000000 -0.002472 -0.429952 0.902848 0.000000 0.991447 0.116753 0.058315 -0.000000 0.047946 -0.171337 -1.627026 1.000000 
ChildrenCount:1, 122 
Name:mixamorig6:LeftHandRing3 i:18 p:111 ToParentTransform:1.000000 0.000000 -0.000000 0.000000 0.000000 1.000000 -0.000000 0.000000 -0.000000 -0.000000 1.000000 -0.000000 0.000000 0.000000 -0.000000 1.000000 OffetTransform:-0.051458 0.997394 -0.050567 0.000000 -0.009266 0.050155 0.998698 0.000000 0.998632 0.051860 0.006661 -0.000000 0.016632 -0.938836 -1.353599 1.000000 
ChildrenCount:1, 112 
Name:mixamorig6:LeftHandThumb2 i:19 p:78 ToParentTransform:1.000000 0.000000 -0.000000 0.000000 0.000000 1.000000 -0.000000 0.000000 -0.000000 -0.000000 1.000000 -0.000000 0.000000 0.000000 -0.000000 1.000000 OffetTransform:0.607917 0.656645 0.446379 0.000000 -0.062310 -0.521002 0.851278 0.000000 0.791552 -0.545320 -0.275810 -0.000000 -0.360232 0.211893 -1.526864 1.000000 
ChildrenCount:1, 79 
Name:mixamorig6:LeftHandThumb3 i:20 p:81 ToParentTransform:1.000000 0.000000 -0.000000 0.000000 0.000000 1.000000 -0.000000 0.000000 -0.000000 -0.000000 1.000000 -0.000000 0.000000 0.000000 -0.000000 1.000000 OffetTransform:0.607917 0.725951 0.321609 0.000000 -0.062310 -0.360181 0.930799 0.000000 0.791552 -0.585888 -0.173726 -0.000000 -0.358045 -0.098860 -1.533949 1.000000 
ChildrenCount:1, 82 
Name:mixamorig6:RightArm i:21 p:128 ToParentTransform:1.000000 0.000000 -0.000000 0.000000 0.000000 1.000000 -0.000000 0.000000 -0.000000 -0.000000 1.000000 -0.000000 0.000000 0.000000 -0.000000 1.000000 OffetTransform:-0.066163 -0.996813 -0.044560 0.000000 0.085145 -0.050135 0.995106 0.000000 -0.994169 0.062045 0.088191 -0.000000 -0.109903 -0.117723 -1.429492 1.000000 
ChildrenCount:1, 129 
Name:mixamorig6:RightForeArm i:22 p:131 ToParentTransform:1.000000 0.000000 -0.000000 0.000000 0.000000 1.000000 -0.000000 0.000000 -0.000000 -0.000000 1.000000 -0.000000 0.000000 0.000000 -0.000000 1.000000 OffetTransform:0.051858 -0.998599 0.010539 0.000000 0.090464 0.015208 0.995784 0.000000 -0.994549 -0.050686 0.091126 -0.000000 -0.063328 -0.476915 -1.405325 1.000000 
ChildrenCount:1, 132 
Name:mixamorig6:RightHand i:23 p:134 ToParentTransform:1.000000 0.000000 -0.000000 0.000000 0.000000 1.000000 -0.000000 0.000000 -0.000000 -0.000000 1.000000 -0.000000 0.000000 0.000000 -0.000000 1.000000 OffetTransform:0.014308 -0.995994 -0.088269 0.000000 0.016229 -0.088035 0.995985 0.000000 -0.999766 -0.015683 0.014905 -0.000000 0.015164 -0.585469 -1.473975 1.000000 
ChildrenCount:5, 135 145 155 165 175 
Name:mixamorig6:RightHandMiddle1 i:24 p:157 ToParentTransform:1.000000 0.000000 -0.000000 0.000000 0.000000 1.000000 -0.000000 0.000000 -0.000000 -0.000000 1.000000 -0.000000 0.000000 0.000000 -0.000000 1.000000 OffetTransform:0.061999 -0.979973 -0.189233 0.000000 0.020427 -0.188312 0.981897 0.000000 -0.997867 -0.064742 0.008343 -0.000000 0.036747 -0.530794 -1.538668 1.000000 
ChildrenCount:1, 158 
Name:mixamorig6:RightHandThumb1 i:25 p:137 ToParentTransform:1.000000 0.000000 -0.000000 0.000000 0.000000 1.000000 -0.000000 0.000000 -0.000000 -0.000000 1.000000 -0.000000 0.000000 0.000000 -0.000000 1.000000 OffetTransform:0.607104 -0.702211 -0.371921 0.000000 0.065653 -0.422120 0.904160 0.000000 -0.791906 -0.573336 -0.210168 -0.000000 0.356986 0.069053 -1.540005 1.000000 
ChildrenCount:1, 138 
Name:mixamorig6:RightHandMiddle2 i:26 p:160 ToParentTransform:1.000000 0.000000 -0.000000 0.000000 0.000000 1.000000 -0.000000 0.000000 -0.000000 -0.000000 1.000000 -0.000000 0.000000 0.000000 -0.000000 1.000000 OffetTransform:0.061999 -0.960741 -0.270430 0.000000 0.020427 -0.269673 0.962735 0.000000 -0.997867 -0.065213 0.002906 -0.000000 0.036740 -0.432687 -1.580334 1.000000 
ChildrenCount:1, 161 
Name:mixamorig6:RightHandMiddle3 i:27 p:163 ToParentTransform:1.000000 0.000000 -0.000000 0.000000 0.000000 1.000000 -0.000000 0.000000 -0.000000 -0.000000 1.000000 -0.000000 0.000000 0.000000 -0.000000 1.000000 OffetTransform:0.061999 -0.968389 -0.241619 0.000000 0.020427 -0.240803 0.970359 0.000000 -0.997867 -0.065097 0.004852 -0.000000 0.036746 -0.510574 -1.565785 1.000000 
ChildrenCount:1, 164 
Name:mixamorig6:RightHandIndex2 i:28 p:150 ToParentTransform:1.000000 0.000000 -0.000000 0.000000 0.000000 1.000000 -0.000000 0.000000 -0.000000 -0.000000 1.000000 -0.000000 0.000000 0.000000 -0.000000 1.000000 OffetTransform:0.239719 -0.940853 -0.239438 0.000000 0.035763 -0.237905 0.970630 0.000000 -0.970183 -0.241242 -0.023383 -0.000000 0.135527 -0.458634 -1.561989 1.000000 
ChildrenCount:1, 151 
Name:mixamorig6:RightHandIndex3 i:29 p:153 ToParentTransform:1.000000 0.000000 -0.000000 0.000000 0.000000 1.000000 -0.000000 0.000000 -0.000000 -0.000000 1.000000 -0.000000 0.000000 0.000000 -0.000000 1.000000 OffetTransform:0.239719 -0.932579 -0.269870 0.000000 0.035763 -0.269304 0.962391 0.000000 -0.970183 -0.240355 -0.031206 -0.000000 0.135526 -0.436911 -1.577012 1.000000 
ChildrenCount:1, 154 
Name:mixamorig6:RightHandIndex1 i:30 p:147 ToParentTransform:1.000000 0.000000 -0.000000 0.000000 0.000000 1.000000 -0.000000 0.000000 -0.000000 -0.000000 1.000000 -0.000000 0.000000 0.000000 -0.000000 1.000000 OffetTransform:0.239720 -0.950469 -0.197845 0.000000 0.035763 -0.195003 0.980150 0.000000 -0.970183 -0.242037 -0.012755 -0.000000 0.135511 -0.495709 -1.540317 1.000000 
ChildrenCount:1, 148 
Name:mixamorig6:RightHandRing1 i:31 p:167 ToParentTransform:1.000000 0.000000 -0.000000 0.000000 0.000000 1.000000 -0.000000 0.000000 -0.000000 -0.000000 1.000000 -0.000000 0.000000 0.000000 -0.000000 1.000000 OffetTransform:-0.072533 -0.981639 -0.176421 0.000000 0.008497 -0.177488 0.984086 0.000000 -0.997330 0.069880 0.021214 -0.000000 -0.033426 -0.553848 -1.531466 1.000000 
ChildrenCount:1, 168 
Name:mixamorig6:RightHandRing2 i:32 p:170 ToParentTransform:1.000000 0.000000 -0.000000 0.000000 0.000000 1.000000 -0.000000 0.000000 -0.000000 -0.000000 1.000000 -0.000000 0.000000 0.000000 -0.000000 1.000000 OffetTransform:-0.072533 -0.982111 -0.173773 0.000000 0.008497 -0.174834 0.984561 0.000000 -0.997330 0.069937 0.021026 -0.000000 -0.033417 -0.586296 -1.529891 1.000000 
ChildrenCount:1, 171 
Name:mixamorig6:RightHandPinky1 i:33 p:177 ToParentTransform:1.000000 0.000000 -0.000000 0.000000 0.000000 1.000000 -0.000000 0.000000 -0.000000 -0.000000 1.000000 -0.000000 0.000000 0.000000 -0.000000 1.000000 OffetTransform:-0.113211 -0.974461 -0.193931 0.000000 0.004835 -0.195724 0.980647 0.000000 -0.993559 0.110082 0.026870 -0.000000 -0.037536 -0.516351 -1.538009 1.000000 
ChildrenCount:1, 178 
Name:mixamorig6:RightHandRing3 i:34 p:173 ToParentTransform:1.000000 0.000000 -0.000000 0.000000 0.000000 1.000000 -0.000000 0.000000 -0.000000 -0.000000 1.000000 -0.000000 0.000000 0.000000 -0.000000 1.000000 OffetTransform:-0.072533 -0.987853 -0.137421 0.000000 0.008497 -0.138391 0.990341 0.000000 -0.997330 0.070665 0.018431 -0.000000 -0.033412 -0.668778 -1.506243 1.000000 
ChildrenCount:1, 174 
Name:mixamorig6:RightHandPinky2 i:35 p:180 ToParentTransform:1.000000 0.000000 -0.000000 0.000000 0.000000 1.000000 -0.000000 0.000000 -0.000000 -0.000000 1.000000 -0.000000 0.000000 0.000000 -0.000000 1.000000 OffetTransform:-0.113211 -0.946635 -0.301772 0.000000 0.004835 -0.304246 0.952582 0.000000 -0.993559 0.106384 0.039021 -0.000000 -0.037544 -0.367164 -1.589085 1.000000 
ChildrenCount:1, 181 
Name:mixamorig6:RightHandPinky3 i:36 p:183 ToParentTransform:1.000000 0.000000 -0.000000 0.000000 0.000000 1.000000 -0.000000 0.000000 -0.000000 -0.000000 1.000000 -0.000000 0.000000 0.000000 -0.000000 1.000000 OffetTransform:-0.113211 -0.890231 -0.441217 0.000000 0.004835 -0.444560 0.895736 0.000000 -0.993559 0.099274 0.054634 -0.000000 -0.037560 -0.144818 -1.629622 1.000000 
ChildrenCount:1, 184 
Name:mixamorig6:RightHandThumb2 i:37 p:140 ToParentTransform:1.000000 0.000000 -0.000000 0.000000 0.000000 1.000000 -0.000000 0.000000 -0.000000 -0.000000 1.000000 -0.000000 0.000000 0.000000 -0.000000 1.000000 OffetTransform:0.607104 -0.677417 -0.415370 0.000000 0.065654 -0.478177 0.875806 0.000000 -0.791906 -0.558976 -0.245828 -0.000000 0.352746 0.130840 -1.534814 1.000000 
ChildrenCount:1, 141 
Name:mixamorig6:RightHandThumb3 i:38 p:143 ToParentTransform:1.000000 0.000000 -0.000000 0.000000 0.000000 1.000000 -0.000000 0.000000 -0.000000 -0.000000 1.000000 -0.000000 0.000000 0.000000 -0.000000 1.000000 OffetTransform:0.607104 -0.703738 -0.369024 0.000000 0.065654 -0.418390 0.905892 0.000000 -0.791906 -0.574198 -0.207803 -0.000000 0.353031 -0.004383 -1.537980 1.000000 
ChildrenCount:1, 144 
Name:mixamorig6:LeftLeg i:39 p:190 ToParentTransform:1.000000 0.000000 -0.000000 0.000000 0.000000 1.000000 -0.000000 0.000000 -0.000000 -0.000000 1.000000 -0.000000 0.000000 0.000000 -0.000000 1.000000 OffetTransform:-0.997973 0.063631 0.000859 0.000000 -0.063445 -0.995917 0.064217 0.000000 0.004941 0.064032 0.997936 -0.000000 0.156639 0.492804 -0.041137 1.000000 
ChildrenCount:1, 191 
Name:mixamorig6:LeftFoot i:40 p:193 ToParentTransform:1.000000 0.000000 -0.000000 0.000000 0.000000 1.000000 -0.000000 0.000000 -0.000000 -0.000000 1.000000 -0.000000 0.000000 0.000000 -0.000000 1.000000 OffetTransform:-0.985036 0.168228 -0.037472 0.000000 -0.072975 -0.604060 -0.793590 0.000000 -0.156139 -0.778980 0.607297 -0.000000 0.161224 0.070643 0.076611 1.000000 
ChildrenCount:1, 194 
Name:mixamorig6:LeftToeBase i:41 p:196 ToParentTransform:1.000000 0.000000 -0.000000 0.000000 0.000000 1.000000 -0.000000 0.000000 -0.000000 -0.000000 1.000000 -0.000000 0.000000 0.000000 -0.000000 1.000000 OffetTransform:-0.969321 0.242046 -0.042779 0.000000 0.042294 -0.007203 -0.999079 0.000000 -0.242131 -0.970238 -0.003255 -0.000000 0.148482 -0.158274 0.005357 1.000000 
ChildrenCount:1, 197 
Name:mixamorig6:LeftUpLeg i:42 p:187 ToParentTransform:1.000000 0.000000 -0.000000 0.000000 0.000000 1.000000 -0.000000 0.000000 -0.000000 -0.000000 1.000000 -0.000000 0.000000 0.000000 -0.000000 1.000000 OffetTransform:-0.996639 0.081922 -0.000000 0.000000 -0.081674 -0.993630 0.077648 0.000000 0.006361 0.077387 0.996981 -0.000000 0.165636 0.898246 -0.047782 1.000000 
ChildrenCount:1, 188 
Name:mixamorig6:RightFoot i:43 p:206 ToParentTransform:1.000000 0.000000 -0.000000 0.000000 0.000000 1.000000 -0.000000 0.000000 -0.000000 -0.000000 1.000000 -0.000000 0.000000 0.000000 -0.000000 1.000000 OffetTransform:-0.985367 -0.167020 0.034016 0.000000 0.074153 -0.599747 -0.796746 0.000000 0.153474 -0.782565 0.603356 -0.000000 -0.161878 0.073297 0.074395 1.000000 
ChildrenCount:1, 207 
Name:mixamorig6:RightToeBase i:44 p:209 ToParentTransform:1.000000 0.000000 -0.000000 0.000000 0.000000 1.000000 -0.000000 0.000000 -0.000000 -0.000000 1.000000 -0.000000 0.000000 0.000000 -0.000000 1.000000 OffetTransform:-0.972173 -0.231955 0.032798 0.000000 -0.032061 -0.006946 -0.999462 0.000000 0.232058 -0.972702 -0.000684 -0.000000 -0.150594 -0.154931 0.003833 1.000000 
ChildrenCount:1, 210 
Name:mixamorig6:RightLeg i:45 p:203 ToParentTransform:1.000000 0.000000 -0.000000 0.000000 0.000000 1.000000 -0.000000 0.000000 -0.000000 -0.000000 1.000000 -0.000000 0.000000 0.000000 -0.000000 1.000000 OffetTransform:-0.997976 -0.063594 0.000026 0.000000 0.063428 -0.995331 0.072749 0.000000 -0.004601 0.072604 0.997350 -0.000000 -0.156632 0.492418 -0.045598 1.000000 
ChildrenCount:1, 204 
Name:mixamorig6:RightUpLeg i:46 p:200 ToParentTransform:1.000000 0.000000 -0.000000 0.000000 0.000000 1.000000 -0.000000 0.000000 -0.000000 -0.000000 1.000000 -0.000000 0.000000 0.000000 -0.000000 1.000000 OffetTransform:-0.996636 -0.081954 -0.000000 0.000000 0.081739 -0.994025 0.072343 0.000000 -0.005929 0.072100 0.997380 -0.000000 -0.165670 0.898304 -0.045397 1.000000 
ChildrenCount:1, 201 
Name:mixamorig6:RightShoulder i:47 p:125 ToParentTransform:1.000000 0.000000 -0.000000 0.000000 0.000000 1.000000 -0.000000 0.000000 -0.000000 -0.000000 1.000000 -0.000000 0.000000 0.000000 -0.000000 1.000000 OffetTransform:-0.025736 -0.964352 -0.263367 0.000000 0.096330 -0.264621 0.959529 0.000000 -0.995017 -0.000676 0.099706 -0.000000 -0.118218 0.326826 -1.420243 1.000000 
ChildrenCount:1, 126 
Name:mixamorig6:LeftShoulder i:48 p:63 ToParentTransform:1.000000 0.000000 -0.000000 0.000000 0.000000 1.000000 -0.000000 0.000000 -0.000000 -0.000000 1.000000 -0.000000 0.000000 0.000000 -0.000000 1.000000 OffetTransform:-0.027132 0.964352 0.263225 0.000000 -0.096337 -0.264619 0.959529 0.000000 0.994979 0.000676 0.100083 -0.000000 0.118229 0.326791 -1.420252 1.000000 
ChildrenCount:1, 64 
Name:mixamorig6:Spine1 i:49 p:51 ToParentTransform:1.000000 0.000000 -0.000000 0.000000 0.000000 1.000000 -0.000000 0.000000 -0.000000 -0.000000 1.000000 -0.000000 0.000000 0.119979 -0.000000 1.000000 OffetTransform:1.000000 0.000000 -0.000000 0.000000 0.000000 0.995399 -0.095818 0.000000 -0.000000 0.095818 0.995399 -0.000000 0.000000 -1.182652 0.117536 1.000000 
ChildrenCount:1, 2 
Name:mixamorig6:Hips i:50 p:52 ToParentTransform:1.000000 0.000000 -0.000000 0.000000 0.000000 1.000000 -0.000000 0.000000 -0.000000 -0.000000 1.000000 -0.000000 0.000000 0.978239 -0.025026 1.000000 OffetTransform:1.000000 0.000000 -0.000000 0.000000 0.000000 1.000000 -0.000000 0.000000 -0.000000 -0.000000 1.000000 -0.000000 0.000000 -0.966679 0.025026 1.000000 
ChildrenCount:3, 54 185 198 
Name:mixamorig6:Spine i:51 p:56 ToParentTransform:1.000000 0.000000 -0.000000 0.000000 0.000000 1.000000 -0.000000 0.000000 -0.000000 -0.000000 1.000000 -0.000000 0.000000 0.000000 -0.000000 1.000000 OffetTransform:1.000000 0.000000 -0.000000 0.000000 0.000000 0.995399 -0.095818 0.000000 -0.000000 0.095818 0.995399 -0.000000 0.000000 -1.062673 0.117536 1.000000 
ChildrenCount:1, 49 
Name:RootNode i:52 p:-1 ToParentTransform:1.000000 0.000000 -0.000000 0.000000 0.000000 1.000000 -0.000000 0.000000 -0.000000 -0.000000 1.000000 -0.000000 0.000000 0.000000 -0.000000 1.000000 OffetTransform:1.000000 0.000000 0.000000 0.000000 0.000000 1.000000 0.000000 0.000000 0.000000 0.000000 1.000000 0.000000 0.000000 0.000000 0.000000 1.000000 
ChildrenCount:2, 53 50 
Name:Ch20 i:53 p:52 ToParentTransform:1.000000 0.000000 -0.000000 0.000000 0.000000 1.000000 -0.000000 0.000000 -0.000000 -0.000000 1.000000 -0.000000 0.000000 0.000000 -0.000000 1.000000 OffetTransform:1.000000 0.000000 0.000000 0.000000 0.000000 1.000000 0.000000 0.000000 0.000000 0.000000 1.000000 0.000000 0.000000 0.000000 0.000000 1.000000 
ChildrenCount:0, 
Name:mixamorig6:Spine_$AssimpFbx$_Translation i:54 p:50 ToParentTransform:1.000000 0.000000 -0.000000 0.000000 0.000000 1.000000 -0.000000 0.000000 -0.000000 -0.000000 1.000000 -0.000000 0.000000 0.102366 0.009854 1.000000 OffetTransform:1.000000 0.000000 0.000000 0.000000 0.000000 1.000000 0.000000 0.000000 0.000000 0.000000 1.000000 0.000000 0.000000 0.000000 0.000000 1.000000 
ChildrenCount:1, 55 
Name:mixamorig6:Spine_$AssimpFbx$_PreRotation i:55 p:54 ToParentTransform:1.000000 0.000000 -0.000000 0.000000 0.000000 0.995399 0.095818 0.000000 -0.000000 -0.095818 0.995399 -0.000000 0.000000 0.000000 -0.000000 1.000000 OffetTransform:1.000000 0.000000 0.000000 0.000000 0.000000 1.000000 0.000000 0.000000 0.000000 0.000000 1.000000 0.000000 0.000000 0.000000 0.000000 1.000000 
ChildrenCount:1, 56 
Name:mixamorig6:Spine_$AssimpFbx$_Rotation i:56 p:55 ToParentTransform:1.000000 0.000000 -0.000000 0.000000 0.000000 1.000000 -0.000000 0.000000 -0.000000 -0.000000 1.000000 -0.000000 0.000000 0.000000 -0.000000 1.000000 OffetTransform:1.000000 0.000000 0.000000 0.000000 0.000000 1.000000 0.000000 0.000000 0.000000 0.000000 1.000000 0.000000 0.000000 0.000000 0.000000 1.000000 
ChildrenCount:1, 51 
Name:mixamorig6:Neck_$AssimpFbx$_Translation i:57 p:2 ToParentTransform:1.000000 0.000000 -0.000000 0.000000 0.000000 1.000000 -0.000000 0.000000 -0.000000 -0.000000 1.000000 -0.000000 0.000000 0.154259 0.000000 1.000000 OffetTransform:1.000000 0.000000 0.000000 0.000000 0.000000 1.000000 0.000000 0.000000 0.000000 0.000000 1.000000 0.000000 0.000000 0.000000 0.000000 1.000000 
ChildrenCount:1, 58 
Name:mixamorig6:Neck_$AssimpFbx$_PreRotation i:58 p:57 ToParentTransform:1.000000 0.000000 -0.000000 0.000000 0.000000 0.995399 -0.095818 0.000000 -0.000000 0.095818 0.995399 -0.000000 0.000000 0.000000 -0.000000 1.000000 OffetTransform:1.000000 0.000000 0.000000 0.000000 0.000000 1.000000 0.000000 0.000000 0.000000 0.000000 1.000000 0.000000 0.000000 0.000000 0.000000 1.000000 
ChildrenCount:1, 59 
Name:mixamorig6:Neck_$AssimpFbx$_Rotation i:59 p:58 ToParentTransform:1.000000 0.000000 -0.000000 0.000000 0.000000 1.000000 -0.000000 0.000000 -0.000000 -0.000000 1.000000 -0.000000 0.000000 0.000000 -0.000000 1.000000 OffetTransform:1.000000 0.000000 0.000000 0.000000 0.000000 1.000000 0.000000 0.000000 0.000000 0.000000 1.000000 0.000000 0.000000 0.000000 0.000000 1.000000 
ChildrenCount:1, 1 
Name:mixamorig6:HeadTop_End i:60 p:0 ToParentTransform:1.000000 0.000000 -0.000000 0.000000 0.000000 1.000000 -0.000000 0.000000 -0.000000 -0.000000 1.000000 -0.000000 0.000000 0.250463 -0.089182 1.000000 OffetTransform:1.000000 0.000000 0.000000 0.000000 0.000000 1.000000 0.000000 0.000000 0.000000 0.000000 1.000000 0.000000 0.000000 0.000000 0.000000 1.000000 
ChildrenCount:0, 
Name:mixamorig6:LeftShoulder_$AssimpFbx$_Translation i:61 p:2 ToParentTransform:1.000000 0.000000 -0.000000 0.000000 0.000000 1.000000 -0.000000 0.000000 -0.000000 -0.000000 1.000000 -0.000000 0.061913 0.136473 0.001757 1.000000 OffetTransform:1.000000 0.000000 0.000000 0.000000 0.000000 1.000000 0.000000 0.000000 0.000000 0.000000 1.000000 0.000000 0.000000 0.000000 0.000000 1.000000 
ChildrenCount:1, 62 
Name:mixamorig6:LeftShoulder_$AssimpFbx$_PreRotation i:62 p:61 ToParentTransform:-0.027133 -0.000558 0.999632 0.000000 0.964352 -0.263338 0.026028 0.000000 0.263226 0.964703 0.007683 -0.000000 0.000000 0.000000 -0.000000 1.000000 OffetTransform:1.000000 0.000000 0.000000 0.000000 0.000000 1.000000 0.000000 0.000000 0.000000 0.000000 1.000000 0.000000 0.000000 0.000000 0.000000 1.000000 
ChildrenCount:1, 63 
Name:mixamorig6:LeftShoulder_$AssimpFbx$_Rotation i:63 p:62 ToParentTransform:1.000000 0.000000 -0.000000 0.000000 0.000000 1.000000 -0.000000 0.000000 -0.000000 -0.000000 1.000000 -0.000000 0.000000 0.000000 -0.000000 1.000000 OffetTransform:1.000000 0.000000 0.000000 0.000000 0.000000 1.000000 0.000000 0.000000 0.000000 0.000000 1.000000 0.000000 0.000000 0.000000 0.000000 1.000000 
ChildrenCount:1, 48 
Name:mixamorig6:LeftArm_$AssimpFbx$_Translation i:64 p:48 ToParentTransform:1.000000 0.000000 -0.000000 0.000000 0.000000 1.000000 -0.000000 0.000000 -0.000000 -0.000000 1.000000 -0.000000 0.000000 0.131077 -0.000000 1.000000 OffetTransform:1.000000 0.000000 0.000000 0.000000 0.000000 1.000000 0.000000 0.000000 0.000000 0.000000 1.000000 0.000000 0.000000 0.000000 0.000000 1.000000 
ChildrenCount:1, 65 
Name:mixamorig6:LeftArm_$AssimpFbx$_PreRotation i:65 p:64 ToParentTransform:0.999129 -0.041719 0.000000 0.000000 0.040692 0.974517 0.220594 0.000000 -0.009203 -0.220402 0.975366 -0.000000 0.000000 0.000000 -0.000000 1.000000 OffetTransform:1.000000 0.000000 0.000000 0.000000 0.000000 1.000000 0.000000 0.000000 0.000000 0.000000 1.000000 0.000000 0.000000 0.000000 0.000000 1.000000 
ChildrenCount:1, 66 
Name:mixamorig6:LeftArm_$AssimpFbx$_Rotation i:66 p:65 ToParentTransform:1.000000 0.000000 -0.000000 0.000000 0.000000 1.000000 -0.000000 0.000000 -0.000000 -0.000000 1.000000 -0.000000 0.000000 0.000000 -0.000000 1.000000 OffetTransform:1.000000 0.000000 0.000000 0.000000 0.000000 1.000000 0.000000 0.000000 0.000000 0.000000 1.000000 0.000000 0.000000 0.000000 0.000000 1.000000 
ChildrenCount:1, 5 
Name:mixamorig6:LeftForeArm_$AssimpFbx$_Translation i:67 p:5 ToParentTransform:1.000000 0.000000 -0.000000 0.000000 0.000000 1.000000 -0.000000 0.000000 -0.000000 -0.000000 1.000000 -0.000000 -0.000000 0.270717 -0.000000 1.000000 OffetTransform:1.000000 0.000000 0.000000 0.000000 0.000000 1.000000 0.000000 0.000000 0.000000 0.000000 1.000000 0.000000 0.000000 0.000000 0.000000 1.000000 
ChildrenCount:1, 68 
Name:mixamorig6:LeftForeArm_$AssimpFbx$_PreRotation i:68 p:67 ToParentTransform:0.992673 0.120834 0.000000 0.000000 -0.120652 0.991177 0.054882 0.000000 0.006632 -0.054480 0.998493 -0.000000 0.000000 0.000000 -0.000000 1.000000 OffetTransform:1.000000 0.000000 0.000000 0.000000 0.000000 1.000000 0.000000 0.000000 0.000000 0.000000 1.000000 0.000000 0.000000 0.000000 0.000000 1.000000 
ChildrenCount:1, 69 
Name:mixamorig6:LeftForeArm_$AssimpFbx$_Rotation i:69 p:68 ToParentTransform:1.000000 0.000000 -0.000000 0.000000 0.000000 1.000000 -0.000000 0.000000 -0.000000 -0.000000 1.000000 -0.000000 0.000000 0.000000 -0.000000 1.000000 OffetTransform:1.000000 0.000000 0.000000 0.000000 0.000000 1.000000 0.000000 0.000000 0.000000 0.000000 1.000000 0.000000 0.000000 0.000000 0.000000 1.000000 
ChildrenCount:1, 3 
Name:mixamorig6:LeftHand_$AssimpFbx$_Translation i:70 p:3 ToParentTransform:1.000000 0.000000 -0.000000 0.000000 0.000000 1.000000 -0.000000 0.000000 -0.000000 -0.000000 1.000000 -0.000000 0.000000 0.255677 -0.000000 1.000000 OffetTransform:1.000000 0.000000 0.000000 0.000000 0.000000 1.000000 0.000000 0.000000 0.000000 0.000000 1.000000 0.000000 0.000000 0.000000 0.000000 1.000000 
ChildrenCount:1, 71 
Name:mixamorig6:LeftHand_$AssimpFbx$_PreRotation i:71 p:70 ToParentTransform:0.996260 -0.040096 0.076535 0.000000 0.047351 0.994306 -0.095466 0.000000 -0.072271 0.098733 0.992486 -0.000000 0.000000 0.000000 -0.000000 1.000000 OffetTransform:1.000000 0.000000 0.000000 0.000000 0.000000 1.000000 0.000000 0.000000 0.000000 0.000000 1.000000 0.000000 0.000000 0.000000 0.000000 1.000000 
ChildrenCount:1, 72 
Name:mixamorig6:LeftHand_$AssimpFbx$_Rotation i:72 p:71 ToParentTransform:1.000000 0.000000 -0.000000 0.000000 0.000000 1.000000 -0.000000 0.000000 -0.000000 -0.000000 1.000000 -0.000000 0.000000 0.000000 -0.000000 1.000000 OffetTransform:1.000000 0.000000 0.000000 0.000000 0.000000 1.000000 0.000000 0.000000 0.000000 0.000000 1.000000 0.000000 0.000000 0.000000 0.000000 1.000000 
ChildrenCount:1, 4 
Name:mixamorig6:LeftHandThumb1_$AssimpFbx$_Translation i:73 p:4 ToParentTransform:1.000000 0.000000 -0.000000 0.000000 0.000000 1.000000 -0.000000 0.000000 -0.000000 -0.000000 1.000000 -0.000000 -0.026383 0.028257 -0.013910 1.000000 OffetTransform:1.000000 0.000000 0.000000 0.000000 0.000000 1.000000 0.000000 0.000000 0.000000 0.000000 1.000000 0.000000 0.000000 0.000000 0.000000 1.000000 
ChildrenCount:1, 74 
Name:mixamorig6:LeftHandThumb1_$AssimpFbx$_PreRotation i:74 p:73 ToParentTransform:0.799957 0.600058 0.000000 0.000000 -0.564244 0.752212 -0.340302 0.000000 -0.204201 0.272227 0.940316 -0.000000 0.000000 0.000000 -0.000000 1.000000 OffetTransform:1.000000 0.000000 0.000000 0.000000 0.000000 1.000000 0.000000 0.000000 0.000000 0.000000 1.000000 0.000000 0.000000 0.000000 0.000000 1.000000 
ChildrenCount:1, 75 
Name:mixamorig6:LeftHandThumb1_$AssimpFbx$_Rotation i:75 p:74 ToParentTransform:1.000000 0.000000 -0.000000 0.000000 0.000000 1.000000 -0.000000 0.000000 -0.000000 -0.000000 1.000000 -0.000000 0.000000 0.000000 -0.000000 1.000000 OffetTransform:1.000000 0.000000 0.000000 0.000000 0.000000 1.000000 0.000000 0.000000 0.000000 0.000000 1.000000 0.000000 0.000000 0.000000 0.000000 1.000000 
ChildrenCount:1, 6 
Name:mixamorig6:LeftHandThumb2_$AssimpFbx$_Translation i:76 p:6 ToParentTransform:1.000000 0.000000 -0.000000 0.000000 0.000000 1.000000 -0.000000 0.000000 -0.000000 -0.000000 1.000000 -0.000000 -0.003319 0.032700 -0.000000 1.000000 OffetTransform:1.000000 0.000000 0.000000 0.000000 0.000000 1.000000 0.000000 0.000000 0.000000 0.000000 1.000000 0.000000 0.000000 0.000000 0.000000 1.000000 
ChildrenCount:1, 77 
Name:mixamorig6:LeftHandThumb2_$AssimpFbx$_PreRotation i:77 p:76 ToParentTransform:1.000000 0.000000 -0.000000 0.000000 0.000000 0.989755 -0.142779 0.000000 -0.000000 0.142779 0.989755 -0.000000 0.000000 0.000000 -0.000000 1.000000 OffetTransform:1.000000 0.000000 0.000000 0.000000 0.000000 1.000000 0.000000 0.000000 0.000000 0.000000 1.000000 0.000000 0.000000 0.000000 0.000000 1.000000 
ChildrenCount:1, 78 
Name:mixamorig6:LeftHandThumb2_$AssimpFbx$_Rotation i:78 p:77 ToParentTransform:1.000000 0.000000 -0.000000 0.000000 0.000000 1.000000 -0.000000 0.000000 -0.000000 -0.000000 1.000000 -0.000000 0.000000 0.000000 -0.000000 1.000000 OffetTransform:1.000000 0.000000 0.000000 0.000000 0.000000 1.000000 0.000000 0.000000 0.000000 0.000000 1.000000 0.000000 0.000000 0.000000 0.000000 1.000000 
ChildrenCount:1, 19 
Name:mixamorig6:LeftHandThumb3_$AssimpFbx$_Translation i:79 p:19 ToParentTransform:1.000000 0.000000 -0.000000 0.000000 0.000000 1.000000 -0.000000 0.000000 -0.000000 -0.000000 1.000000 -0.000000 -0.002187 0.034535 0.000000 1.000000 OffetTransform:1.000000 0.000000 0.000000 0.000000 0.000000 1.000000 0.000000 0.000000 0.000000 0.000000 1.000000 0.000000 0.000000 0.000000 0.000000 1.000000 
ChildrenCount:1, 80 
Name:mixamorig6:LeftHandThumb3_$AssimpFbx$_PreRotation i:80 p:79 ToParentTransform:1.000000 0.000000 -0.000000 0.000000 0.000000 0.983844 0.179029 0.000000 -0.000000 -0.179029 0.983844 -0.000000 0.000000 0.000000 -0.000000 1.000000 OffetTransform:1.000000 0.000000 0.000000 0.000000 0.000000 1.000000 0.000000 0.000000 0.000000 0.000000 1.000000 0.000000 0.000000 0.000000 0.000000 1.000000 
ChildrenCount:1, 81 
Name:mixamorig6:LeftHandThumb3_$AssimpFbx$_Rotation i:81 p:80 ToParentTransform:1.000000 0.000000 -0.000000 0.000000 0.000000 1.000000 -0.000000 0.000000 -0.000000 -0.000000 1.000000 -0.000000 0.000000 0.000000 -0.000000 1.000000 OffetTransform:1.000000 0.000000 0.000000 0.000000 0.000000 1.000000 0.000000 0.000000 0.000000 0.000000 1.000000 0.000000 0.000000 0.000000 0.000000 1.000000 
ChildrenCount:1, 20 
Name:mixamorig6:LeftHandThumb4 i:82 p:20 ToParentTransform:1.000000 0.000000 -0.000000 0.000000 0.000000 1.000000 -0.000000 0.000000 -0.000000 -0.000000 1.000000 -0.000000 0.005507 0.027810 0.000000 1.000000 OffetTransform:1.000000 0.000000 0.000000 0.000000 0.000000 1.000000 0.000000 0.000000 0.000000 0.000000 1.000000 0.000000 0.000000 0.000000 0.000000 1.000000 
ChildrenCount:0, 
Name:mixamorig6:LeftHandIndex1_$AssimpFbx$_Translation i:83 p:4 ToParentTransform:1.000000 0.000000 -0.000000 0.000000 0.000000 1.000000 -0.000000 0.000000 -0.000000 -0.000000 1.000000 -0.000000 -0.034838 0.094728 -0.000202 1.000000 OffetTransform:1.000000 0.000000 0.000000 0.000000 0.000000 1.000000 0.000000 0.000000 0.000000 0.000000 1.000000 0.000000 0.000000 0.000000 0.000000 1.000000 
ChildrenCount:1, 84 
Name:mixamorig6:LeftHandIndex1_$AssimpFbx$_PreRotation i:84 p:83 ToParentTransform:0.975941 0.218035 -0.000000 0.000000 -0.216288 0.968122 -0.126332 0.000000 -0.027545 0.123293 0.991988 -0.000000 0.000000 0.000000 -0.000000 1.000000 OffetTransform:1.000000 0.000000 0.000000 0.000000 0.000000 1.000000 0.000000 0.000000 0.000000 0.000000 1.000000 0.000000 0.000000 0.000000 0.000000 1.000000 
ChildrenCount:1, 85 
Name:mixamorig6:LeftHandIndex1_$AssimpFbx$_Rotation i:85 p:84 ToParentTransform:1.000000 0.000000 -0.000000 0.000000 0.000000 1.000000 -0.000000 0.000000 -0.000000 -0.000000 1.000000 -0.000000 0.000000 0.000000 -0.000000 1.000000 OffetTransform:1.000000 0.000000 0.000000 0.000000 0.000000 1.000000 0.000000 0.000000 0.000000 0.000000 1.000000 0.000000 0.000000 0.000000 0.000000 1.000000 
ChildrenCount:1, 14 
Name:mixamorig6:LeftHandIndex2_$AssimpFbx$_Translation i:86 p:14 ToParentTransform:1.000000 0.000000 -0.000000 0.000000 0.000000 1.000000 -0.000000 0.000000 -0.000000 -0.000000 1.000000 -0.000000 0.000008 0.031123 0.000000 1.000000 OffetTransform:1.000000 0.000000 0.000000 0.000000 0.000000 1.000000 0.000000 0.000000 0.000000 0.000000 1.000000 0.000000 0.000000 0.000000 0.000000 1.000000 
ChildrenCount:1, 87 
Name:mixamorig6:LeftHandIndex2_$AssimpFbx$_PreRotation i:87 p:86 ToParentTransform:1.000000 0.000000 -0.000000 0.000000 0.000000 0.999493 -0.031845 0.000000 -0.000000 0.031845 0.999493 -0.000000 0.000000 0.000000 -0.000000 1.000000 OffetTransform:1.000000 0.000000 0.000000 0.000000 0.000000 1.000000 0.000000 0.000000 0.000000 0.000000 1.000000 0.000000 0.000000 0.000000 0.000000 1.000000 
ChildrenCount:1, 88 
Name:mixamorig6:LeftHandIndex2_$AssimpFbx$_Rotation i:88 p:87 ToParentTransform:1.000000 0.000000 -0.000000 0.000000 0.000000 1.000000 -0.000000 0.000000 -0.000000 -0.000000 1.000000 -0.000000 0.000000 0.000000 -0.000000 1.000000 OffetTransform:1.000000 0.000000 0.000000 0.000000 0.000000 1.000000 0.000000 0.000000 0.000000 0.000000 1.000000 0.000000 0.000000 0.000000 0.000000 1.000000 
ChildrenCount:1, 12 
Name:mixamorig6:LeftHandIndex3_$AssimpFbx$_Translation i:89 p:12 ToParentTransform:1.000000 0.000000 -0.000000 0.000000 0.000000 1.000000 -0.000000 0.000000 -0.000000 -0.000000 1.000000 -0.000000 0.000001 0.029270 0.000000 1.000000 OffetTransform:1.000000 0.000000 0.000000 0.000000 0.000000 1.000000 0.000000 0.000000 0.000000 0.000000 1.000000 0.000000 0.000000 0.000000 0.000000 1.000000 
ChildrenCount:1, 90 
Name:mixamorig6:LeftHandIndex3_$AssimpFbx$_PreRotation i:90 p:89 ToParentTransform:1.000000 0.000000 -0.000000 0.000000 0.000000 0.999174 -0.040630 0.000000 -0.000000 0.040630 0.999174 -0.000000 0.000000 0.000000 -0.000000 1.000000 OffetTransform:1.000000 0.000000 0.000000 0.000000 0.000000 1.000000 0.000000 0.000000 0.000000 0.000000 1.000000 0.000000 0.000000 0.000000 0.000000 1.000000 
ChildrenCount:1, 91 
Name:mixamorig6:LeftHandIndex3_$AssimpFbx$_Rotation i:91 p:90 ToParentTransform:1.000000 0.000000 -0.000000 0.000000 0.000000 1.000000 -0.000000 0.000000 -0.000000 -0.000000 1.000000 -0.000000 0.000000 0.000000 -0.000000 1.000000 OffetTransform:1.000000 0.000000 0.000000 0.000000 0.000000 1.000000 0.000000 0.000000 0.000000 0.000000 1.000000 0.000000 0.000000 0.000000 0.000000 1.000000 
ChildrenCount:1, 13 
Name:mixamorig6:LeftHandIndex4 i:92 p:13 ToParentTransform:1.000000 0.000000 -0.000000 0.000000 0.000000 1.000000 -0.000000 0.000000 -0.000000 -0.000000 1.000000 -0.000000 -0.000010 0.024933 -0.000000 1.000000 OffetTransform:1.000000 0.000000 0.000000 0.000000 0.000000 1.000000 0.000000 0.000000 0.000000 0.000000 1.000000 0.000000 0.000000 0.000000 0.000000 1.000000 
ChildrenCount:0, 
Name:mixamorig6:LeftHandMiddle1_$AssimpFbx$_Translation i:93 p:4 ToParentTransform:1.000000 0.000000 -0.000000 0.000000 0.000000 1.000000 -0.000000 0.000000 -0.000000 -0.000000 1.000000 -0.000000 -0.011398 0.100272 0.003148 1.000000 OffetTransform:1.000000 0.000000 0.000000 0.000000 0.000000 1.000000 0.000000 0.000000 0.000000 0.000000 1.000000 0.000000 0.000000 0.000000 0.000000 1.000000 
ChildrenCount:1, 94 
Name:mixamorig6:LeftHandMiddle1_$AssimpFbx$_PreRotation i:94 p:93 ToParentTransform:0.998311 0.058091 -0.000000 0.000000 -0.057618 0.990176 -0.127401 0.000000 -0.007401 0.127186 0.991851 -0.000000 0.000000 0.000000 -0.000000 1.000000 OffetTransform:1.000000 0.000000 0.000000 0.000000 0.000000 1.000000 0.000000 0.000000 0.000000 0.000000 1.000000 0.000000 0.000000 0.000000 0.000000 1.000000 
ChildrenCount:1, 95 
Name:mixamorig6:LeftHandMiddle1_$AssimpFbx$_Rotation i:95 p:94 ToParentTransform:1.000000 0.000000 -0.000000 0.000000 0.000000 1.000000 -0.000000 0.000000 -0.000000 -0.000000 1.000000 -0.000000 0.000000 0.000000 -0.000000 1.000000 OffetTransform:1.000000 0.000000 0.000000 0.000000 0.000000 1.000000 0.000000 0.000000 0.000000 0.000000 1.000000 0.000000 0.000000 0.000000 0.000000 1.000000 
ChildrenCount:1, 11 
Name:mixamorig6:LeftHandMiddle2_$AssimpFbx$_Translation i:96 p:11 ToParentTransform:1.000000 0.000000 -0.000000 0.000000 0.000000 1.000000 -0.000000 0.000000 -0.000000 -0.000000 1.000000 -0.000000 -0.000001 0.031792 -0.000000 1.000000 OffetTransform:1.000000 0.000000 0.000000 0.000000 0.000000 1.000000 0.000000 0.000000 0.000000 0.000000 1.000000 0.000000 0.000000 0.000000 0.000000 1.000000 
ChildrenCount:1, 97 
Name:mixamorig6:LeftHandMiddle2_$AssimpFbx$_PreRotation i:97 p:96 ToParentTransform:1.000000 0.000000 -0.000000 0.000000 0.000000 0.997717 -0.067527 0.000000 -0.000000 0.067527 0.997717 -0.000000 0.000000 0.000000 -0.000000 1.000000 OffetTransform:1.000000 0.000000 0.000000 0.000000 0.000000 1.000000 0.000000 0.000000 0.000000 0.000000 1.000000 0.000000 0.000000 0.000000 0.000000 1.000000 
ChildrenCount:1, 98 
Name:mixamorig6:LeftHandMiddle2_$AssimpFbx$_Rotation i:98 p:97 ToParentTransform:1.000000 0.000000 -0.000000 0.000000 0.000000 1.000000 -0.000000 0.000000 -0.000000 -0.000000 1.000000 -0.000000 0.000000 0.000000 -0.000000 1.000000 OffetTransform:1.000000 0.000000 0.000000 0.000000 0.000000 1.000000 0.000000 0.000000 0.000000 0.000000 1.000000 0.000000 0.000000 0.000000 0.000000 1.000000 
ChildrenCount:1, 9 
