BoneCount:212
Name:mixamorig9:Hips i:0 p:65 ToParentTransform:1.000000 0.000000 -0.000000 0.000000 0.000000 1.000000 -0.000000 0.000000 -0.000000 -0.000000 1.000000 -0.000000 0.000000 96.630829 0.348771 1.000000 OffetTransform:1.000000 0.000000 -0.000000 0.000000 0.000000 1.000000 -0.000000 0.000000 -0.000000 -0.000000 1.000000 -0.000000 0.000000 -96.630829 -0.348771 1.000000 
ChildrenCount:3, 71 190 201 
Name:mixamorig9:Spine i:1 p:73 ToParentTransform:1.000000 0.000000 -0.000000 0.000000 0.000000 1.000000 -0.000000 0.000000 -0.000000 -0.000000 1.000000 -0.000000 0.000000 0.000000 -0.000000 1.000000 OffetTransform:1.000000 0.000000 -0.000000 0.000000 0.000000 0.998965 -0.045491 0.000000 -0.000000 0.045491 0.998965 -0.000000 0.000000 -108.311501 4.047386 1.000000 
ChildrenCount:1, 2 
Name:mixamorig9:Spine1 i:2 p:1 ToParentTransform:1.000000 0.000000 -0.000000 0.000000 0.000000 1.000000 -0.000000 0.000000 -0.000000 -0.000000 1.000000 -0.000000 0.000000 13.725628 -0.000000 1.000000 OffetTransform:1.000000 0.000000 -0.000000 0.000000 0.000000 0.998965 -0.045491 0.000000 -0.000000 0.045491 0.998965 -0.000000 0.000000 -122.037125 4.047383 1.000000 
ChildrenCount:1, 3 
Name:mixamorig9:Spine2 i:3 p:2 ToParentTransform:1.000000 0.000000 -0.000000 0.000000 0.000000 1.000000 -0.000000 0.000000 -0.000000 -0.000000 1.000000 -0.000000 0.000000 15.686443 0.000000 1.000000 OffetTransform:1.000000 0.000000 -0.000000 0.000000 0.000000 0.998965 -0.045491 0.000000 -0.000000 0.045491 0.998965 -0.000000 0.000000 -137.723557 4.047383 1.000000 
ChildrenCount:3, 74 76 133 
Name:mixamorig9:Neck i:4 p:75 ToParentTransform:1.000000 0.000000 -0.000000 0.000000 0.000000 1.000000 -0.000000 0.000000 -0.000000 -0.000000 1.000000 -0.000000 0.000000 0.000000 -0.000000 1.000000 OffetTransform:1.000000 0.000000 -0.000000 0.000000 0.000000 1.000000 0.000000 0.000000 -0.000000 -0.000000 1.000000 -0.000000 0.000000 -155.394073 -3.024715 1.000000 
ChildrenCount:1, 5 
Name:mixamorig9:Head i:5 p:4 ToParentTransform:1.000000 0.000000 -0.000000 0.000000 0.000000 1.000000 -0.000000 0.000000 -0.000000 -0.000000 1.000000 -0.000000 0.000000 5.016602 -1.880222 1.000000 OffetTransform:1.000000 0.000000 -0.000000 0.000000 0.000000 1.000000 0.000000 0.000000 -0.000000 -0.000000 1.000000 -0.000000 0.000000 -160.410675 -1.144494 1.000000 
ChildrenCount:1, 6 
Name:mixamorig9:HeadTop_End i:6 p:5 ToParentTransform:1.000000 0.000000 -0.000000 0.000000 0.000000 1.000000 -0.000000 0.000000 -0.000000 -0.000000 1.000000 -0.000000 0.000000 20.743393 -7.774619 1.000000 OffetTransform:1.000000 0.000000 -0.000000 0.000000 0.000000 1.000000 0.000000 0.000000 -0.000000 -0.000000 1.000000 -0.000000 0.000000 -181.154068 6.630125 1.000000 
ChildrenCount:0, 
Name:mixamorig9:LeftShoulder i:7 p:78 ToParentTransform:1.000000 0.000000 -0.000000 0.000000 0.000000 1.000000 -0.000000 0.000000 -0.000000 -0.000000 1.000000 -0.000000 0.000000 0.000000 -0.000000 1.000000 OffetTransform:-0.014250 0.941434 0.336896 0.000000 -0.045650 -0.337192 0.940329 0.000000 0.998856 -0.001979 0.047781 -0.000000 4.069546 44.044621 -146.207748 1.000000 
ChildrenCount:1, 79 
Name:mixamorig9:LeftArm i:8 p:81 ToParentTransform:1.000000 0.000000 -0.000000 0.000000 0.000000 1.000000 -0.000000 0.000000 -0.000000 -0.000000 1.000000 -0.000000 0.000000 0.000000 -0.000000 1.000000 OffetTransform:-0.057426 0.997913 0.029535 0.000000 -0.030132 -0.031303 0.999056 0.000000 0.997895 0.056482 0.031867 -0.000000 2.806744 -19.009529 -147.568756 1.000000 
ChildrenCount:1, 82 
Name:mixamorig9:LeftForeArm i:9 p:84 ToParentTransform:1.000000 0.000000 -0.000000 0.000000 0.000000 1.000000 -0.000000 0.000000 -0.000000 -0.000000 1.000000 -0.000000 0.000000 0.000000 -0.000000 1.000000 OffetTransform:0.041750 0.998511 -0.035119 0.000000 -0.033086 0.036512 0.998785 0.000000 0.998580 -0.040537 0.034561 -0.000000 -1.328168 -51.115643 -144.565399 1.000000 
ChildrenCount:1, 85 
Name:mixamorig9:LeftHand i:10 p:87 ToParentTransform:1.000000 0.000000 -0.000000 0.000000 0.000000 1.000000 -0.000000 0.000000 -0.000000 -0.000000 1.000000 -0.000000 0.000000 0.000000 -0.000000 1.000000 OffetTransform:0.084823 0.994807 0.056255 0.000000 0.113313 -0.065723 0.991383 0.000000 0.989932 -0.077718 -0.118300 -0.000000 -25.823246 -59.194687 -149.321121 1.000000 
ChildrenCount:5, 88 97 106 115 124 
Name:mixamorig9:LeftHandThumb1 i:11 p:90 ToParentTransform:1.000000 0.000000 -0.000000 0.000000 0.000000 1.000000 -0.000000 0.000000 -0.000000 -0.000000 1.000000 -0.000000 0.000000 0.000000 -0.000000 1.000000 OffetTransform:0.627882 0.728690 0.273450 0.000000 0.056996 -0.393445 0.917580 0.000000 0.776219 -0.560547 -0.288569 -0.000000 -53.806252 4.796604 -152.995529 1.000000 
ChildrenCount:1, 91 
Name:mixamorig9:LeftHandThumb2 i:12 p:93 ToParentTransform:1.000000 0.000000 -0.000000 0.000000 0.000000 1.000000 -0.000000 0.000000 -0.000000 -0.000000 1.000000 -0.000000 0.000000 0.000000 -0.000000 1.000000 OffetTransform:0.627882 0.686036 0.367585 0.000000 0.056996 -0.511549 0.857362 0.000000 0.776219 -0.517371 -0.360294 -0.000000 -53.198212 21.624657 -151.465729 1.000000 
ChildrenCount:1, 94 
Name:mixamorig9:LeftHandThumb3 i:13 p:96 ToParentTransform:1.000000 0.000000 -0.000000 0.000000 0.000000 1.000000 -0.000000 0.000000 -0.000000 -0.000000 1.000000 -0.000000 0.000000 0.000000 -0.000000 1.000000 OffetTransform:0.627882 0.705996 0.327617 0.000000 0.056996 -0.461513 0.885300 0.000000 0.776219 -0.537192 -0.330015 -0.000000 -53.303444 9.496986 -152.261475 1.000000 
ChildrenCount:1, 53 
Name:mixamorig9:LeftHandIndex1 i:14 p:99 ToParentTransform:1.000000 0.000000 -0.000000 0.000000 0.000000 1.000000 -0.000000 0.000000 -0.000000 -0.000000 1.000000 -0.000000 0.000000 0.000000 -0.000000 1.000000 OffetTransform:0.193982 0.977894 0.078062 0.000000 0.105377 -0.099885 0.989403 0.000000 0.975329 -0.183701 -0.122423 -0.000000 -29.727257 -62.827866 -150.615280 1.000000 
ChildrenCount:1, 100 
Name:mixamorig9:LeftHandIndex2 i:15 p:102 ToParentTransform:1.000000 0.000000 -0.000000 0.000000 0.000000 1.000000 -0.000000 0.000000 -0.000000 -0.000000 1.000000 -0.000000 0.000000 0.000000 -0.000000 1.000000 OffetTransform:0.193982 0.955830 0.220818 0.000000 0.105377 -0.244093 0.964009 0.000000 0.975329 -0.163732 -0.148072 -0.000000 -29.750977 -43.312618 -158.696045 1.000000 
ChildrenCount:1, 103 
Name:mixamorig9:LeftHandIndex3 i:16 p:105 ToParentTransform:1.000000 0.000000 -0.000000 0.000000 0.000000 1.000000 -0.000000 0.000000 -0.000000 -0.000000 1.000000 -0.000000 0.000000 0.000000 -0.000000 1.000000 OffetTransform:0.193982 0.954620 0.225992 0.000000 0.105377 -0.249312 0.962673 0.000000 0.975329 -0.162927 -0.148957 -0.000000 -29.738865 -45.520390 -158.944962 1.000000 
ChildrenCount:1, 54 
Name:mixamorig9:LeftHandMiddle1 i:17 p:108 ToParentTransform:1.000000 0.000000 -0.000000 0.000000 0.000000 1.000000 -0.000000 0.000000 -0.000000 -0.000000 1.000000 -0.000000 0.000000 0.000000 -0.000000 1.000000 OffetTransform:0.105707 0.987690 0.115302 0.000000 0.111907 -0.127030 0.985566 0.000000 0.988080 -0.091278 -0.123958 -0.000000 -26.253296 -59.705101 -153.426437 1.000000 
ChildrenCount:1, 109 
Name:mixamorig9:LeftHandMiddle2 i:18 p:111 ToParentTransform:1.000000 0.000000 -0.000000 0.000000 0.000000 1.000000 -0.000000 0.000000 -0.000000 -0.000000 1.000000 -0.000000 0.000000 0.000000 -0.000000 1.000000 OffetTransform:0.105707 0.959613 0.260709 0.000000 0.111907 -0.271992 0.955770 0.000000 0.988080 -0.071857 -0.136139 -0.000000 -26.266666 -39.738686 -161.114899 1.000000 
ChildrenCount:1, 112 
Name:mixamorig9:LeftHandMiddle3 i:19 p:114 ToParentTransform:1.000000 0.000000 -0.000000 0.000000 0.000000 1.000000 -0.000000 0.000000 -0.000000 -0.000000 1.000000 -0.000000 0.000000 0.000000 -0.000000 1.000000 OffetTransform:0.105707 0.982860 0.151038 0.000000 0.111907 -0.162682 0.980312 0.000000 0.988080 -0.086724 -0.127186 -0.000000 -26.248791 -60.874954 -155.249451 1.000000 
ChildrenCount:1, 55 
Name:mixamorig9:LeftHandRing1 i:20 p:117 ToParentTransform:1.000000 0.000000 -0.000000 0.000000 0.000000 1.000000 -0.000000 0.000000 -0.000000 -0.000000 1.000000 -0.000000 0.000000 0.000000 -0.000000 1.000000 OffetTransform:-0.019777 0.971795 0.234995 0.000000 0.119571 -0.231055 0.965565 0.000000 0.992629 0.047194 -0.111629 -0.000000 -19.537655 -43.719547 -160.052994 1.000000 
ChildrenCount:1, 118 
Name:mixamorig9:LeftHandRing2 i:21 p:120 ToParentTransform:1.000000 0.000000 -0.000000 0.000000 0.000000 1.000000 -0.000000 0.000000 -0.000000 -0.000000 1.000000 -0.000000 0.000000 0.000000 -0.000000 1.000000 OffetTransform:-0.019777 0.958178 0.285490 0.000000 0.119571 -0.281230 0.952162 0.000000 0.992629 0.052967 -0.109008 -0.000000 -19.529110 -38.028877 -162.263565 1.000000 
ChildrenCount:1, 121 
Name:mixamorig9:LeftHandRing3 i:22 p:123 ToParentTransform:1.000000 0.000000 -0.000000 0.000000 0.000000 1.000000 -0.000000 0.000000 -0.000000 -0.000000 1.000000 -0.000000 0.000000 0.000000 -0.000000 1.000000 OffetTransform:-0.019777 0.995224 -0.095587 0.000000 0.119571 0.097274 0.988049 0.000000 0.992629 0.008111 -0.120923 -0.000000 -19.513700 -98.864799 -135.002960 1.000000 
ChildrenCount:1, 56 
Name:mixamorig9:LeftHandPinky1 i:23 p:126 ToParentTransform:1.000000 0.000000 -0.000000 0.000000 0.000000 1.000000 -0.000000 0.000000 -0.000000 -0.000000 1.000000 -0.000000 0.000000 0.000000 -0.000000 1.000000 OffetTransform:0.036227 0.977074 0.209795 0.000000 0.116383 -0.212629 0.970177 0.000000 0.992544 -0.010730 -0.121417 -0.000000 -25.926987 -45.722366 -158.330536 1.000000 
ChildrenCount:1, 127 
Name:mixamorig9:LeftHandPinky2 i:24 p:129 ToParentTransform:1.000000 0.000000 -0.000000 0.000000 0.000000 1.000000 -0.000000 0.000000 -0.000000 -0.000000 1.000000 -0.000000 0.000000 0.000000 -0.000000 1.000000 OffetTransform:0.036227 0.936545 0.348671 0.000000 0.116383 -0.350479 0.929311 0.000000 0.992544 0.006913 -0.121694 -0.000000 -25.930340 -24.996864 -163.654510 1.000000 
ChildrenCount:1, 130 
Name:mixamorig9:LeftHandPinky3 i:25 p:132 ToParentTransform:1.000000 0.000000 -0.000000 0.000000 0.000000 1.000000 -0.000000 0.000000 -0.000000 -0.000000 1.000000 -0.000000 0.000000 0.000000 -0.000000 1.000000 OffetTransform:0.036227 0.993171 0.110898 0.000000 0.116383 -0.114409 0.986593 0.000000 0.992544 -0.022835 -0.119733 -0.000000 -25.916208 -66.111076 -152.157318 1.000000 
ChildrenCount:1, 57 
Name:mixamorig9:RightShoulder i:26 p:135 ToParentTransform:1.000000 0.000000 -0.000000 0.000000 0.000000 1.000000 -0.000000 0.000000 -0.000000 -0.000000 1.000000 -0.000000 0.000000 0.000000 -0.000000 1.000000 OffetTransform:-0.018446 -0.941434 -0.336693 0.000000 0.045639 -0.337192 0.940329 0.000000 -0.998788 0.001979 0.049187 -0.000000 -4.068285 44.032642 -146.212051 1.000000 
ChildrenCount:1, 136 
Name:mixamorig9:RightArm i:27 p:138 ToParentTransform:1.000000 0.000000 -0.000000 0.000000 0.000000 1.000000 -0.000000 0.000000 -0.000000 -0.000000 1.000000 -0.000000 0.000000 0.000000 -0.000000 1.000000 OffetTransform:-0.053502 -0.998131 -0.029514 0.000000 0.033047 -0.031310 0.998963 0.000000 -0.998021 0.052471 0.034661 -0.000000 -3.044069 -19.006891 -147.566406 1.000000 
ChildrenCount:1, 139 
Name:mixamorig9:RightForeArm i:28 p:141 ToParentTransform:1.000000 0.000000 -0.000000 0.000000 0.000000 1.000000 -0.000000 0.000000 -0.000000 -0.000000 1.000000 -0.000000 0.000000 0.000000 -0.000000 1.000000 OffetTransform:0.040385 -0.998569 0.035061 0.000000 0.035839 0.036515 0.998690 0.000000 -0.998541 -0.039076 0.037263 -0.000000 0.870439 -51.124535 -144.566010 1.000000 
ChildrenCount:1, 142 
Name:mixamorig9:RightHand i:29 p:144 ToParentTransform:1.000000 0.000000 -0.000000 0.000000 0.000000 1.000000 -0.000000 0.000000 -0.000000 -0.000000 1.000000 -0.000000 0.000000 0.000000 -0.000000 1.000000 OffetTransform:0.090726 -0.994102 -0.059420 0.000000 -0.093707 -0.067923 0.993280 0.000000 -0.991457 -0.084548 -0.099317 -0.000000 23.396746 -58.796116 -149.878387 1.000000 
ChildrenCount:5, 145 154 163 172 181 
Name:mixamorig9:RightHandThumb1 i:30 p:147 ToParentTransform:1.000000 0.000000 -0.000000 0.000000 0.000000 1.000000 -0.000000 0.000000 -0.000000 -0.000000 1.000000 -0.000000 0.000000 0.000000 -0.000000 1.000000 OffetTransform:0.602513 -0.738300 -0.303137 0.000000 -0.043639 -0.409726 0.911164 0.000000 -0.796915 -0.535759 -0.279084 -0.000000 50.070747 6.203171 -154.134003 1.000000 
ChildrenCount:1, 148 
Name:mixamorig9:RightHandThumb2 i:31 p:150 ToParentTransform:1.000000 0.000000 -0.000000 0.000000 0.000000 1.000000 -0.000000 0.000000 -0.000000 -0.000000 1.000000 -0.000000 0.000000 0.000000 -0.000000 1.000000 OffetTransform:0.602513 -0.707634 -0.369098 0.000000 -0.043639 -0.490983 0.870075 0.000000 -0.796915 -0.508124 -0.326704 -0.000000 49.374378 16.586269 -153.260452 1.000000 
ChildrenCount:1, 151 
Name:mixamorig9:RightHandThumb3 i:32 p:153 ToParentTransform:1.000000 0.000000 -0.000000 0.000000 0.000000 1.000000 -0.000000 0.000000 -0.000000 -0.000000 1.000000 -0.000000 0.000000 0.000000 -0.000000 1.000000 OffetTransform:0.602513 -0.712403 -0.359807 0.000000 -0.043639 -0.479556 0.876425 0.000000 -0.796915 -0.512356 -0.320028 -0.000000 49.459991 11.309422 -153.421570 1.000000 
ChildrenCount:1, 58 
Name:mixamorig9:RightHandIndex1 i:33 p:156 ToParentTransform:1.000000 0.000000 -0.000000 0.000000 0.000000 1.000000 -0.000000 0.000000 -0.000000 -0.000000 1.000000 -0.000000 0.000000 0.000000 -0.000000 1.000000 OffetTransform:0.131444 -0.982875 -0.129150 0.000000 -0.090841 -0.141675 0.985736 0.000000 -0.987153 -0.117837 -0.107908 -0.000000 22.443022 -57.464931 -154.230377 1.000000 
ChildrenCount:1, 157 
Name:mixamorig9:RightHandIndex2 i:34 p:159 ToParentTransform:1.000000 0.000000 -0.000000 0.000000 0.000000 1.000000 -0.000000 0.000000 -0.000000 -0.000000 1.000000 -0.000000 0.000000 0.000000 -0.000000 1.000000 OffetTransform:0.131444 -0.963403 -0.233616 0.000000 -0.090841 -0.246375 0.964908 0.000000 -0.987153 -0.105609 -0.119901 -0.000000 22.456535 -43.696800 -159.826019 1.000000 
ChildrenCount:1, 160 
Name:mixamorig9:RightHandIndex3 i:35 p:162 ToParentTransform:1.000000 0.000000 -0.000000 0.000000 0.000000 1.000000 -0.000000 0.000000 -0.000000 -0.000000 1.000000 -0.000000 0.000000 0.000000 -0.000000 1.000000 OffetTransform:0.131444 -0.955211 -0.265132 0.000000 -0.090841 -0.277933 0.956296 0.000000 -0.987153 -0.101614 -0.123305 -0.000000 22.451637 -41.390991 -161.272446 1.000000 
ChildrenCount:1, 59 
Name:mixamorig9:RightHandMiddle1 i:36 p:165 ToParentTransform:1.000000 0.000000 -0.000000 0.000000 0.000000 1.000000 -0.000000 0.000000 -0.000000 -0.000000 1.000000 -0.000000 0.000000 0.000000 -0.000000 1.000000 OffetTransform:0.105743 -0.983756 -0.145062 0.000000 -0.092670 -0.154994 0.983559 0.000000 -0.990066 -0.090561 -0.107554 -0.000000 23.467613 -55.397507 -155.625443 1.000000 
ChildrenCount:1, 166 
Name:mixamorig9:RightHandMiddle2 i:37 p:168 ToParentTransform:1.000000 0.000000 -0.000000 0.000000 0.000000 1.000000 -0.000000 0.000000 -0.000000 -0.000000 1.000000 -0.000000 0.000000 0.000000 -0.000000 1.000000 OffetTransform:0.105743 -0.957146 -0.269612 0.000000 -0.092670 -0.279438 0.955681 0.000000 -0.990066 -0.076071 -0.118247 -0.000000 23.477148 -38.503395 -161.874496 1.000000 
ChildrenCount:1, 169 
Name:mixamorig9:RightHandMiddle3 i:38 p:171 ToParentTransform:1.000000 0.000000 -0.000000 0.000000 0.000000 1.000000 -0.000000 0.000000 -0.000000 -0.000000 1.000000 -0.000000 0.000000 0.000000 -0.000000 1.000000 OffetTransform:0.105743 -0.978712 -0.175904 0.000000 -0.092670 -0.185825 0.978203 0.000000 -0.990066 -0.087137 -0.110347 -0.000000 23.464388 -57.206120 -157.083572 1.000000 
ChildrenCount:1, 60 
Name:mixamorig9:RightHandRing1 i:39 p:174 ToParentTransform:1.000000 0.000000 -0.000000 0.000000 0.000000 1.000000 -0.000000 0.000000 -0.000000 -0.000000 1.000000 -0.000000 0.000000 0.000000 -0.000000 1.000000 OffetTransform:0.005385 -0.970851 -0.239624 0.000000 -0.099172 -0.238964 0.965951 0.000000 -0.995056 0.018563 -0.097568 -0.000000 18.619324 -42.617722 -160.488907 1.000000 
ChildrenCount:1, 175 
Name:mixamorig9:RightHandRing2 i:40 p:177 ToParentTransform:1.000000 0.000000 -0.000000 0.000000 0.000000 1.000000 -0.000000 0.000000 -0.000000 -0.000000 1.000000 -0.000000 0.000000 0.000000 -0.000000 1.000000 OffetTransform:0.005385 -0.963449 -0.267837 0.000000 -0.099172 -0.267035 0.958570 0.000000 -0.995056 0.021401 -0.096985 -0.000000 18.616375 -40.802063 -161.747711 1.000000 
ChildrenCount:1, 178 
Name:mixamorig9:RightHandRing3 i:41 p:180 ToParentTransform:1.000000 0.000000 -0.000000 0.000000 0.000000 1.000000 -0.000000 0.000000 -0.000000 -0.000000 1.000000 -0.000000 0.000000 0.000000 -0.000000 1.000000 OffetTransform:0.005385 -0.994260 -0.106858 0.000000 -0.099172 -0.106864 0.989316 0.000000 -0.995056 0.005270 -0.099179 -0.000000 18.610958 -69.286736 -152.477676 1.000000 
ChildrenCount:1, 61 
Name:mixamorig9:RightHandPinky1 i:42 p:183 ToParentTransform:1.000000 0.000000 -0.000000 0.000000 0.000000 1.000000 -0.000000 0.000000 -0.000000 -0.000000 1.000000 -0.000000 0.000000 0.000000 -0.000000 1.000000 OffetTransform:0.048217 -0.979516 -0.195510 0.000000 -0.096521 -0.199391 0.975155 0.000000 -0.994162 -0.028148 -0.104158 -0.000000 23.980688 -47.926826 -157.966461 1.000000 
ChildrenCount:1, 184 
Name:mixamorig9:RightHandPinky2 i:43 p:186 ToParentTransform:1.000000 0.000000 -0.000000 0.000000 0.000000 1.000000 -0.000000 0.000000 -0.000000 -0.000000 1.000000 -0.000000 0.000000 0.000000 -0.000000 1.000000 OffetTransform:0.048217 -0.937450 -0.344763 0.000000 -0.096521 -0.347922 0.932542 0.000000 -0.994162 -0.011688 -0.107259 -0.000000 23.984209 -25.403873 -163.873306 1.000000 
ChildrenCount:1, 187 
Name:mixamorig9:RightHandPinky3 i:44 p:189 ToParentTransform:1.000000 0.000000 -0.000000 0.000000 0.000000 1.000000 -0.000000 0.000000 -0.000000 -0.000000 1.000000 -0.000000 0.000000 0.000000 -0.000000 1.000000 OffetTransform:0.048217 -0.992844 -0.109247 0.000000 -0.096521 -0.113494 0.988839 0.000000 -0.994162 -0.037134 -0.101302 -0.000000 23.972254 -66.263901 -152.411942 1.000000 
ChildrenCount:1, 62 
Name:mixamorig9:LeftUpLeg i:45 p:192 ToParentTransform:1.000000 0.000000 -0.000000 0.000000 0.000000 1.000000 -0.000000 0.000000 -0.000000 -0.000000 1.000000 -0.000000 0.000000 0.000000 -0.000000 1.000000 OffetTransform:-0.996822 0.079663 -0.000000 0.000000 -0.079422 -0.993806 0.077732 0.000000 0.006192 0.077485 0.996974 -0.000000 16.970282 88.823898 -6.403818 1.000000 
ChildrenCount:1, 193 
Name:mixamorig9:LeftLeg i:46 p:195 ToParentTransform:1.000000 0.000000 -0.000000 0.000000 0.000000 1.000000 -0.000000 0.000000 -0.000000 -0.000000 1.000000 -0.000000 0.000000 0.000000 -0.000000 1.000000 OffetTransform:-0.998890 0.046946 0.003754 0.000000 -0.046954 -0.998895 -0.001889 0.000000 0.003661 -0.002063 0.999991 -0.000000 15.406681 48.530334 -2.543895 1.000000 
ChildrenCount:1, 196 
Name:mixamorig9:LeftFoot i:47 p:198 ToParentTransform:1.000000 0.000000 -0.000000 0.000000 0.000000 1.000000 -0.000000 0.000000 -0.000000 -0.000000 1.000000 -0.000000 0.000000 0.000000 -0.000000 1.000000 OffetTransform:-0.997218 0.074541 -0.000499 0.000000 -0.046747 -0.630579 -0.774716 0.000000 -0.058062 -0.772537 0.632309 -0.000000 15.534310 9.612153 9.193288 1.000000 
ChildrenCount:1, 199 
Name:mixamorig9:LeftToeBase i:48 p:200 ToParentTransform:1.000000 0.000000 -0.000000 0.000000 0.000000 1.000000 -0.000000 0.000000 -0.000000 -0.000000 1.000000 -0.000000 0.000000 0.000000 -0.000000 1.000000 OffetTransform:-0.993901 0.109574 -0.012408 0.000000 0.016153 0.033355 -0.999313 0.000000 -0.109085 -0.993419 -0.034921 -0.000000 14.738680 -14.422092 1.268914 1.000000 
ChildrenCount:1, 63 
Name:mixamorig9:RightUpLeg i:49 p:203 ToParentTransform:1.000000 0.000000 -0.000000 0.000000 0.000000 1.000000 -0.000000 0.000000 -0.000000 -0.000000 1.000000 -0.000000 0.000000 0.000000 -0.000000 1.000000 OffetTransform:-0.996817 -0.079723 -0.000000 0.000000 0.079543 -0.994560 0.067263 0.000000 -0.005362 0.067049 0.997735 -0.000000 -16.976826 88.837372 -6.167674 1.000000 
ChildrenCount:1, 204 
Name:mixamorig9:RightLeg i:50 p:206 ToParentTransform:1.000000 0.000000 -0.000000 0.000000 0.000000 1.000000 -0.000000 0.000000 -0.000000 -0.000000 1.000000 -0.000000 0.000000 0.000000 -0.000000 1.000000 OffetTransform:-0.998891 -0.046944 -0.003674 0.000000 0.046981 -0.998838 -0.010710 0.000000 -0.003167 -0.010871 0.999936 -0.000000 -15.408437 48.553383 -2.386256 1.000000 
ChildrenCount:1, 207 
Name:mixamorig9:RightFoot i:51 p:209 ToParentTransform:1.000000 0.000000 -0.000000 0.000000 0.000000 1.000000 -0.000000 0.000000 -0.000000 -0.000000 1.000000 -0.000000 0.000000 0.000000 -0.000000 1.000000 OffetTransform:-0.997325 -0.073084 -0.001210 0.000000 0.046257 -0.618243 -0.784625 0.000000 0.056595 -0.782582 0.619970 -0.000000 -15.523502 9.461097 9.357786 1.000000 
ChildrenCount:1, 210 
Name:mixamorig9:RightToeBase i:52 p:211 ToParentTransform:1.000000 0.000000 -0.000000 0.000000 0.000000 1.000000 -0.000000 0.000000 -0.000000 -0.000000 1.000000 -0.000000 0.000000 0.000000 -0.000000 1.000000 OffetTransform:-0.994087 -0.107630 0.014411 0.000000 -0.018034 0.032763 -0.999300 0.000000 0.107082 -0.993651 -0.034510 -0.000000 -14.706640 -14.927218 1.288203 1.000000 
ChildrenCount:1, 64 
Name:mixamorig9:LeftHandThumb4 i:53 p:13 ToParentTransform:1.000000 0.000000 -0.000000 0.000000 0.000000 1.000000 -0.000000 0.000000 -0.000000 -0.000000 1.000000 -0.000000 0.502811 2.986706 0.000000 1.000000 OffetTransform:0.627882 0.705996 0.327617 0.000000 0.056996 -0.461513 0.885300 0.000000 0.776219 -0.537192 -0.330015 -0.000000 -53.806252 6.510284 -152.261475 1.000000 
ChildrenCount:0, 
Name:mixamorig9:LeftHandIndex4 i:54 p:16 ToParentTransform:1.000000 0.000000 -0.000000 0.000000 0.000000 1.000000 -0.000000 0.000000 -0.000000 -0.000000 1.000000 -0.000000 -0.011605 2.664064 0.000000 1.000000 OffetTransform:0.193982 0.954620 0.225992 0.000000 0.105377 -0.249312 0.962673 0.000000 0.975329 -0.162927 -0.148957 -0.000000 -29.727261 -48.184456 -158.944946 1.000000 
ChildrenCount:0, 
Name:mixamorig9:LeftHandMiddle4 i:55 p:19 ToParentTransform:1.000000 0.000000 -0.000000 0.000000 0.000000 1.000000 -0.000000 0.000000 -0.000000 -0.000000 1.000000 -0.000000 0.004505 2.917962 0.000000 1.000000 OffetTransform:0.105707 0.982860 0.151038 0.000000 0.111907 -0.162682 0.980312 0.000000 0.988080 -0.086724 -0.127186 -0.000000 -26.253300 -63.792915 -155.249466 1.000000 
ChildrenCount:0, 
Name:mixamorig9:LeftHandRing4 i:56 p:22 ToParentTransform:1.000000 0.000000 -0.000000 0.000000 0.000000 1.000000 -0.000000 0.000000 -0.000000 -0.000000 1.000000 -0.000000 0.023953 2.134339 -0.000000 1.000000 OffetTransform:-0.019777 0.995224 -0.095587 0.000000 0.119571 0.097274 0.988049 0.000000 0.992629 0.008111 -0.120923 -0.000000 -19.537653 -100.999138 -135.002960 1.000000 
ChildrenCount:0, 
Name:mixamorig9:LeftHandPinky4 i:57 p:25 ToParentTransform:1.000000 0.000000 -0.000000 0.000000 0.000000 1.000000 -0.000000 0.000000 -0.000000 -0.000000 1.000000 -0.000000 0.010782 1.796131 0.000000 1.000000 OffetTransform:0.036227 0.993171 0.110898 0.000000 0.116383 -0.114409 0.986593 0.000000 0.992544 -0.022835 -0.119733 -0.000000 -25.926989 -67.907219 -152.157333 1.000000 
ChildrenCount:0, 
Name:mixamorig9:RightHandThumb4 i:58 p:32 ToParentTransform:1.000000 0.000000 -0.000000 0.000000 0.000000 1.000000 -0.000000 0.000000 -0.000000 -0.000000 1.000000 -0.000000 -0.610754 2.491702 -0.000000 1.000000 OffetTransform:0.602513 -0.712403 -0.359807 0.000000 -0.043639 -0.479556 0.876425 0.000000 -0.796916 -0.512356 -0.320028 -0.000000 50.070755 8.817708 -153.421555 1.000000 
ChildrenCount:0, 
Name:mixamorig9:RightHandIndex4 i:59 p:35 ToParentTransform:1.000000 0.000000 -0.000000 0.000000 0.000000 1.000000 -0.000000 0.000000 -0.000000 -0.000000 1.000000 -0.000000 0.008610 2.463282 -0.000000 1.000000 OffetTransform:0.131444 -0.955211 -0.265132 0.000000 -0.090841 -0.277933 0.956296 0.000000 -0.987153 -0.101614 -0.123305 -0.000000 22.443027 -43.854271 -161.272446 1.000000 
ChildrenCount:0, 
Name:mixamorig9:RightHandMiddle4 i:60 p:38 ToParentTransform:1.000000 0.000000 -0.000000 0.000000 0.000000 1.000000 -0.000000 0.000000 -0.000000 -0.000000 1.000000 -0.000000 -0.003226 2.908274 -0.000000 1.000000 OffetTransform:0.105743 -0.978712 -0.175904 0.000000 -0.092670 -0.185825 0.978203 0.000000 -0.990066 -0.087137 -0.110347 -0.000000 23.467615 -60.114395 -157.083572 1.000000 
ChildrenCount:0, 
Name:mixamorig9:RightHandRing4 i:61 p:41 ToParentTransform:1.000000 0.000000 -0.000000 0.000000 0.000000 1.000000 -0.000000 0.000000 -0.000000 -0.000000 1.000000 -0.000000 -0.008364 2.253522 -0.000000 1.000000 OffetTransform:0.005385 -0.994260 -0.106858 0.000000 -0.099172 -0.106864 0.989316 0.000000 -0.995056 0.005270 -0.099179 -0.000000 18.619322 -71.540253 -152.477676 1.000000 
ChildrenCount:0, 
Name:mixamorig9:RightHandPinky4 i:62 p:44 ToParentTransform:1.000000 0.000000 -0.000000 0.000000 0.000000 1.000000 -0.000000 0.000000 -0.000000 -0.000000 1.000000 -0.000000 -0.008435 1.728753 -0.000000 1.000000 OffetTransform:0.048217 -0.992844 -0.109247 0.000000 -0.096521 -0.113494 0.988839 0.000000 -0.994162 -0.037134 -0.101302 -0.000000 23.980690 -67.992661 -152.411942 1.000000 
ChildrenCount:0, 
Name:mixamorig9:LeftToe_End i:63 p:48 ToParentTransform:1.000000 0.000000 -0.000000 0.000000 0.000000 1.000000 -0.000000 0.000000 -0.000000 -0.000000 1.000000 -0.000000 -0.000000 7.870636 0.000000 1.000000 OffetTransform:-0.993901 0.109574 -0.012408 0.000000 0.016153 0.033355 -0.999313 0.000000 -0.109085 -0.993419 -0.034921 -0.000000 14.738682 -22.292728 1.268914 1.000000 
ChildrenCount:0, 
Name:mixamorig9:RightToe_End i:64 p:52 ToParentTransform:1.000000 0.000000 -0.000000 0.000000 0.000000 1.000000 -0.000000 0.000000 -0.000000 -0.000000 1.000000 -0.000000 0.000000 8.012864 0.000000 1.000000 OffetTransform:-0.994087 -0.107630 0.014411 0.000000 -0.018034 0.032763 -0.999300 0.000000 0.107082 -0.993651 -0.034510 -0.000000 -14.706642 -22.940084 1.288203 1.000000 
ChildrenCount:0, 
Name:RootNode i:65 p:-1 ToParentTransform:1.000000 0.000000 -0.000000 0.000000 0.000000 1.000000 -0.000000 0.000000 -0.000000 -0.000000 1.000000 -0.000000 0.000000 0.000000 -0.000000 1.000000 OffetTransform:1.000000 0.000000 0.000000 0.000000 0.000000 1.000000 0.000000 0.000000 0.000000 0.000000 1.000000 0.000000 0.000000 0.000000 0.000000 1.000000 
ChildrenCount:2, 66 0 
Name:Ch06_$AssimpFbx$_RotationPivot i:66 p:65 ToParentTransform:1.000000 0.000000 -0.000000 0.000000 0.000000 1.000000 -0.000000 0.000000 -0.000000 -0.000000 1.000000 -0.000000 0.000000 91.141418 -2.355429 1.000000 OffetTransform:1.000000 0.000000 0.000000 0.000000 0.000000 1.000000 0.000000 0.000000 0.000000 0.000000 1.000000 0.000000 0.000000 0.000000 0.000000 1.000000 
ChildrenCount:1, 67 
Name:Ch06_$AssimpFbx$_RotationPivotInverse i:67 p:66 ToParentTransform:1.000000 0.000000 -0.000000 0.000000 0.000000 1.000000 -0.000000 0.000000 -0.000000 -0.000000 1.000000 -0.000000 -0.000000 -91.141418 2.355429 1.000000 OffetTransform:1.000000 0.000000 0.000000 0.000000 0.000000 1.000000 0.000000 0.000000 0.000000 0.000000 1.000000 0.000000 0.000000 0.000000 0.000000 1.000000 
ChildrenCount:1, 68 
Name:Ch06_$AssimpFbx$_ScalingPivot i:68 p:67 ToParentTransform:1.000000 0.000000 -0.000000 0.000000 0.000000 1.000000 -0.000000 0.000000 -0.000000 -0.000000 1.000000 -0.000000 0.000000 91.141418 -2.355429 1.000000 OffetTransform:1.000000 0.000000 0.000000 0.000000 0.000000 1.000000 0.000000 0.000000 0.000000 0.000000 1.000000 0.000000 0.000000 0.000000 0.000000 1.000000 
ChildrenCount:1, 69 
Name:Ch06_$AssimpFbx$_ScalingPivotInverse i:69 p:68 ToParentTransform:1.000000 0.000000 -0.000000 0.000000 0.000000 1.000000 -0.000000 0.000000 -0.000000 -0.000000 1.000000 -0.000000 -0.000000 -91.141418 2.355429 1.000000 OffetTransform:1.000000 0.000000 0.000000 0.000000 0.000000 1.000000 0.000000 0.000000 0.000000 0.000000 1.000000 0.000000 0.000000 0.000000 0.000000 1.000000 
ChildrenCount:1, 70 
Name:Ch06 i:70 p:69 ToParentTransform:1.000000 0.000000 -0.000000 0.000000 0.000000 1.000000 -0.000000 0.000000 -0.000000 -0.000000 1.000000 -0.000000 0.000000 0.000000 -0.000000 1.000000 OffetTransform:1.000000 0.000000 0.000000 0.000000 0.000000 1.000000 0.000000 0.000000 0.000000 0.000000 1.000000 0.000000 0.000000 0.000000 0.000000 1.000000 
ChildrenCount:0, 
Name:mixamorig9:Spine_$AssimpFbx$_Translation i:71 p:0 ToParentTransform:1.000000 0.000000 -0.000000 0.000000 0.000000 1.000000 -0.000000 0.000000 -0.000000 -0.000000 1.000000 -0.000000 0.000000 11.752655 0.535189 1.000000 OffetTransform:1.000000 0.000000 0.000000 0.000000 0.000000 1.000000 0.000000 0.000000 0.000000 0.000000 1.000000 0.000000 0.000000 0.000000 0.000000 1.000000 
ChildrenCount:1, 72 
Name:mixamorig9:Spine_$AssimpFbx$_PreRotation i:72 p:71 ToParentTransform:1.000000 0.000000 -0.000000 0.000000 0.000000 0.998965 0.045491 0.000000 -0.000000 -0.045491 0.998965 -0.000000 0.000000 0.000000 -0.000000 1.000000 OffetTransform:1.000000 0.000000 0.000000 0.000000 0.000000 1.000000 0.000000 0.000000 0.000000 0.000000 1.000000 0.000000 0.000000 0.000000 0.000000 1.000000 
ChildrenCount:1, 73 
Name:mixamorig9:Spine_$AssimpFbx$_Rotation i:73 p:72 ToParentTransform:1.000000 0.000000 -0.000000 0.000000 0.000000 1.000000 -0.000000 0.000000 -0.000000 -0.000000 1.000000 -0.000000 0.000000 0.000000 -0.000000 1.000000 OffetTransform:1.000000 0.000000 0.000000 0.000000 0.000000 1.000000 0.000000 0.000000 0.000000 0.000000 1.000000 0.000000 0.000000 0.000000 0.000000 1.000000 
ChildrenCount:1, 1 
Name:mixamorig9:Neck_$AssimpFbx$_Translation i:74 p:3 ToParentTransform:1.000000 0.000000 -0.000000 0.000000 0.000000 1.000000 -0.000000 0.000000 -0.000000 -0.000000 1.000000 -0.000000 0.000000 17.647236 0.000000 1.000000 OffetTransform:1.000000 0.000000 0.000000 0.000000 0.000000 1.000000 0.000000 0.000000 0.000000 0.000000 1.000000 0.000000 0.000000 0.000000 0.000000 1.000000 
ChildrenCount:1, 75 
Name:mixamorig9:Neck_$AssimpFbx$_PreRotation i:75 p:74 ToParentTransform:1.000000 0.000000 -0.000000 0.000000 0.000000 0.998965 -0.045491 0.000000 -0.000000 0.045491 0.998965 -0.000000 0.000000 0.000000 -0.000000 1.000000 OffetTransform:1.000000 0.000000 0.000000 0.000000 0.000000 1.000000 0.000000 0.000000 0.000000 0.000000 1.000000 0.000000 0.000000 0.000000 0.000000 1.000000 
ChildrenCount:1, 4 
Name:mixamorig9:LeftShoulder_$AssimpFbx$_Translation i:76 p:3 ToParentTransform:1.000000 0.000000 -0.000000 0.000000 0.000000 1.000000 -0.000000 0.000000 -0.000000 -0.000000 1.000000 -0.000000 7.849733 14.775958 0.114294 1.000000 OffetTransform:1.000000 0.000000 0.000000 0.000000 0.000000 1.000000 0.000000 0.000000 0.000000 0.000000 1.000000 0.000000 0.000000 0.000000 0.000000 1.000000 
ChildrenCount:1, 77 
Name:mixamorig9:LeftShoulder_$AssimpFbx$_PreRotation i:77 p:76 ToParentTransform:-0.014250 -0.000164 0.999898 0.000000 0.941434 -0.336933 0.013362 0.000000 0.336896 0.941529 0.004956 -0.000000 0.000000 0.000000 -0.000000 1.000000 OffetTransform:1.000000 0.000000 0.000000 0.000000 0.000000 1.000000 0.000000 0.000000 0.000000 0.000000 1.000000 0.000000 0.000000 0.000000 0.000000 1.000000 
ChildrenCount:1, 78 
Name:mixamorig9:LeftShoulder_$AssimpFbx$_Rotation i:78 p:77 ToParentTransform:1.000000 0.000000 -0.000000 0.000000 0.000000 1.000000 -0.000000 0.000000 -0.000000 -0.000000 1.000000 -0.000000 0.000000 0.000000 -0.000000 1.000000 OffetTransform:1.000000 0.000000 0.000000 0.000000 0.000000 1.000000 0.000000 0.000000 0.000000 0.000000 1.000000 0.000000 0.000000 0.000000 0.000000 1.000000 
ChildrenCount:1, 7 
Name:mixamorig9:LeftArm_$AssimpFbx$_Translation i:79 p:7 ToParentTransform:1.000000 0.000000 -0.000000 0.000000 0.000000 1.000000 -0.000000 0.000000 -0.000000 -0.000000 1.000000 -0.000000 -0.000000 16.612663 0.000000 1.000000 OffetTransform:1.000000 0.000000 0.000000 0.000000 0.000000 1.000000 0.000000 0.000000 0.000000 0.000000 1.000000 0.000000 0.000000 0.000000 0.000000 1.000000 
ChildrenCount:1, 80 
Name:mixamorig9:LeftArm_$AssimpFbx$_PreRotation i:80 p:79 ToParentTransform:0.998947 -0.045878 0.000000 0.000000 0.043626 0.949912 0.309457 0.000000 -0.014197 -0.309131 0.950913 -0.000000 0.000000 0.000000 -0.000000 1.000000 OffetTransform:1.000000 0.000000 0.000000 0.000000 0.000000 1.000000 0.000000 0.000000 0.000000 0.000000 1.000000 0.000000 0.000000 0.000000 0.000000 1.000000 
ChildrenCount:1, 81 
Name:mixamorig9:LeftArm_$AssimpFbx$_Rotation i:81 p:80 ToParentTransform:1.000000 0.000000 -0.000000 0.000000 0.000000 1.000000 -0.000000 0.000000 -0.000000 -0.000000 1.000000 -0.000000 0.000000 0.000000 -0.000000 1.000000 OffetTransform:1.000000 0.000000 0.000000 0.000000 0.000000 1.000000 0.000000 0.000000 0.000000 0.000000 1.000000 0.000000 0.000000 0.000000 0.000000 1.000000 
ChildrenCount:1, 8 
Name:mixamorig9:LeftForeArm_$AssimpFbx$_Translation i:82 p:8 ToParentTransform:1.000000 0.000000 -0.000000 0.000000 0.000000 1.000000 -0.000000 0.000000 -0.000000 -0.000000 1.000000 -0.000000 0.000000 22.575575 -0.000000 1.000000 OffetTransform:1.000000 0.000000 0.000000 0.000000 0.000000 1.000000 0.000000 0.000000 0.000000 0.000000 1.000000 0.000000 0.000000 0.000000 0.000000 1.000000 
ChildrenCount:1, 83 
Name:mixamorig9:LeftForeArm_$AssimpFbx$_PreRotation i:83 p:82 ToParentTransform:0.995077 0.099100 -0.000000 0.000000 -0.098893 0.992994 0.064677 0.000000 0.006410 -0.064359 0.997906 -0.000000 0.000000 0.000000 -0.000000 1.000000 OffetTransform:1.000000 0.000000 0.000000 0.000000 0.000000 1.000000 0.000000 0.000000 0.000000 0.000000 1.000000 0.000000 0.000000 0.000000 0.000000 1.000000 
ChildrenCount:1, 84 
Name:mixamorig9:LeftForeArm_$AssimpFbx$_Rotation i:84 p:83 ToParentTransform:1.000000 0.000000 -0.000000 0.000000 0.000000 1.000000 -0.000000 0.000000 -0.000000 -0.000000 1.000000 -0.000000 0.000000 0.000000 -0.000000 1.000000 OffetTransform:1.000000 0.000000 0.000000 0.000000 0.000000 1.000000 0.000000 0.000000 0.000000 0.000000 1.000000 0.000000 0.000000 0.000000 0.000000 1.000000 
ChildrenCount:1, 9 
Name:mixamorig9:LeftHand_$AssimpFbx$_Translation i:85 p:9 ToParentTransform:1.000000 0.000000 -0.000000 0.000000 0.000000 1.000000 -0.000000 0.000000 -0.000000 -0.000000 1.000000 -0.000000 -0.000000 23.494801 0.000000 1.000000 OffetTransform:1.000000 0.000000 0.000000 0.000000 0.000000 1.000000 0.000000 0.000000 0.000000 0.000000 1.000000 0.000000 0.000000 0.000000 0.000000 1.000000 
ChildrenCount:1, 86 
Name:mixamorig9:LeftHand_$AssimpFbx$_PreRotation i:86 p:85 ToParentTransform:0.988319 0.048705 0.144410 0.000000 -0.033900 0.994076 -0.103266 0.000000 -0.148584 0.097165 0.984115 -0.000000 0.000000 0.000000 -0.000000 1.000000 OffetTransform:1.000000 0.000000 0.000000 0.000000 0.000000 1.000000 0.000000 0.000000 0.000000 0.000000 1.000000 0.000000 0.000000 0.000000 0.000000 1.000000 
ChildrenCount:1, 87 
Name:mixamorig9:LeftHand_$AssimpFbx$_Rotation i:87 p:86 ToParentTransform:1.000000 0.000000 -0.000000 0.000000 0.000000 1.000000 -0.000000 0.000000 -0.000000 -0.000000 1.000000 -0.000000 0.000000 0.000000 -0.000000 1.000000 OffetTransform:1.000000 0.000000 0.000000 0.000000 0.000000 1.000000 0.000000 0.000000 0.000000 0.000000 1.000000 0.000000 0.000000 0.000000 0.000000 1.000000 
ChildrenCount:1, 10 
Name:mixamorig9:LeftHandThumb1_$AssimpFbx$_Translation i:88 p:10 ToParentTransform:1.000000 0.000000 -0.000000 0.000000 0.000000 1.000000 -0.000000 0.000000 -0.000000 -0.000000 1.000000 -0.000000 -2.935167 2.980319 -1.212523 1.000000 OffetTransform:1.000000 0.000000 0.000000 0.000000 0.000000 1.000000 0.000000 0.000000 0.000000 0.000000 1.000000 0.000000 0.000000 0.000000 0.000000 1.000000 
ChildrenCount:1, 89 
Name:mixamorig9:LeftHandThumb1_$AssimpFbx$_PreRotation i:89 p:88 ToParentTransform:0.828121 0.560549 0.000000 0.000000 -0.537675 0.794329 -0.282749 0.000000 -0.158495 0.234151 0.959194 -0.000000 0.000000 0.000000 -0.000000 1.000000 OffetTransform:1.000000 0.000000 0.000000 0.000000 0.000000 1.000000 0.000000 0.000000 0.000000 0.000000 1.000000 0.000000 0.000000 0.000000 0.000000 1.000000 
ChildrenCount:1, 90 
Name:mixamorig9:LeftHandThumb1_$AssimpFbx$_Rotation i:90 p:89 ToParentTransform:1.000000 0.000000 -0.000000 0.000000 0.000000 1.000000 -0.000000 0.000000 -0.000000 -0.000000 1.000000 -0.000000 0.000000 0.000000 -0.000000 1.000000 OffetTransform:1.000000 0.000000 0.000000 0.000000 0.000000 1.000000 0.000000 0.000000 0.000000 0.000000 1.000000 0.000000 0.000000 0.000000 0.000000 1.000000 
ChildrenCount:1, 11 
Name:mixamorig9:LeftHandThumb2_$AssimpFbx$_Translation i:91 p:11 ToParentTransform:1.000000 0.000000 -0.000000 0.000000 0.000000 1.000000 -0.000000 0.000000 -0.000000 -0.000000 1.000000 -0.000000 -0.608043 3.430696 0.000000 1.000000 OffetTransform:1.000000 0.000000 0.000000 0.000000 0.000000 1.000000 0.000000 0.000000 0.000000 0.000000 1.000000 0.000000 0.000000 0.000000 0.000000 1.000000 
ChildrenCount:1, 92 
Name:mixamorig9:LeftHandThumb2_$AssimpFbx$_PreRotation i:92 p:91 ToParentTransform:1.000000 0.000000 -0.000000 0.000000 0.000000 0.991184 -0.132493 0.000000 -0.000000 0.132493 0.991184 -0.000000 0.000000 0.000000 -0.000000 1.000000 OffetTransform:1.000000 0.000000 0.000000 0.000000 0.000000 1.000000 0.000000 0.000000 0.000000 0.000000 1.000000 0.000000 0.000000 0.000000 0.000000 1.000000 
ChildrenCount:1, 93 
Name:mixamorig9:LeftHandThumb2_$AssimpFbx$_Rotation i:93 p:92 ToParentTransform:1.000000 0.000000 -0.000000 0.000000 0.000000 1.000000 -0.000000 0.000000 -0.000000 -0.000000 1.000000 -0.000000 0.000000 0.000000 -0.000000 1.000000 OffetTransform:1.000000 0.000000 0.000000 0.000000 0.000000 1.000000 0.000000 0.000000 0.000000 0.000000 1.000000 0.000000 0.000000 0.000000 0.000000 1.000000 
ChildrenCount:1, 12 
Name:mixamorig9:LeftHandThumb3_$AssimpFbx$_Translation i:94 p:12 ToParentTransform:1.000000 0.000000 -0.000000 0.000000 0.000000 1.000000 -0.000000 0.000000 -0.000000 -0.000000 1.000000 -0.000000 0.105232 3.407056 0.000000 1.000000 OffetTransform:1.000000 0.000000 0.000000 0.000000 0.000000 1.000000 0.000000 0.000000 0.000000 0.000000 1.000000 0.000000 0.000000 0.000000 0.000000 1.000000 
ChildrenCount:1, 95 
Name:mixamorig9:LeftHandThumb3_$AssimpFbx$_PreRotation i:95 p:94 ToParentTransform:1.000000 0.000000 -0.000000 0.000000 0.000000 0.998353 0.057377 0.000000 -0.000000 -0.057377 0.998353 -0.000000 0.000000 0.000000 -0.000000 1.000000 OffetTransform:1.000000 0.000000 0.000000 0.000000 0.000000 1.000000 0.000000 0.000000 0.000000 0.000000 1.000000 0.000000 0.000000 0.000000 0.000000 1.000000 
ChildrenCount:1, 96 
Name:mixamorig9:LeftHandThumb3_$AssimpFbx$_Rotation i:96 p:95 ToParentTransform:1.000000 0.000000 -0.000000 0.000000 0.000000 1.000000 -0.000000 0.000000 -0.000000 -0.000000 1.000000 -0.000000 0.000000 0.000000 -0.000000 1.000000 OffetTransform:1.000000 0.000000 0.000000 0.000000 0.000000 1.000000 0.000000 0.000000 0.000000 0.000000 1.000000 0.000000 0.000000 0.000000 0.000000 1.000000 
ChildrenCount:1, 13 
Name:mixamorig9:LeftHandIndex1_$AssimpFbx$_Translation i:97 p:10 ToParentTransform:1.000000 0.000000 -0.000000 0.000000 0.000000 1.000000 -0.000000 0.000000 -0.000000 -0.000000 1.000000 -0.000000 -3.572137 9.847436 -0.143089 1.000000 OffetTransform:1.000000 0.000000 0.000000 0.000000 0.000000 1.000000 0.000000 0.000000 0.000000 0.000000 1.000000 0.000000 0.000000 0.000000 0.000000 1.000000 
ChildrenCount:1, 98 
Name:mixamorig9:LeftHandIndex1_$AssimpFbx$_PreRotation i:98 p:97 ToParentTransform:0.993904 0.110249 0.000000 0.000000 -0.110221 0.993657 -0.022281 0.000000 -0.002456 0.022145 0.999752 -0.000000 0.000000 0.000000 -0.000000 1.000000 OffetTransform:1.000000 0.000000 0.000000 0.000000 0.000000 1.000000 0.000000 0.000000 0.000000 0.000000 1.000000 0.000000 0.000000 0.000000 0.000000 1.000000 
