BoneCount:211
Name:mixamorig:Hips i:0 p:52 ToParentTransform:1.000000 0.000000 -0.000000 0.000000 0.000000 1.000000 -0.000000 0.000000 -0.000000 -0.000000 1.000000 -0.000000 0.000000 95.346001 -0.587708 1.000000 OffetTransform:1.000000 0.000000 -0.000000 0.000000 0.000000 1.000000 -0.000000 0.000000 -0.000000 -0.000000 1.000000 -0.000000 0.000000 -95.239944 0.587708 1.000000 
ChildrenCount:3, 53 184 197 
Name:mixamorig:Spine i:1 p:55 ToParentTransform:1.000000 0.000000 -0.000000 0.000000 0.000000 1.000000 -0.000000 0.000000 -0.000000 -0.000000 1.000000 -0.000000 0.000000 0.000000 -0.000000 1.000000 OffetTransform:1.000000 0.000000 -0.000000 0.000000 0.000000 0.996192 -0.087185 0.000000 -0.000000 0.087185 0.996192 -0.000000 0.000000 -105.738869 8.889009 1.000000 
ChildrenCount:1, 2 
Name:mixamorig:Spine1 i:2 p:1 ToParentTransform:1.000000 0.000000 -0.000000 0.000000 0.000000 1.000000 -0.000000 0.000000 -0.000000 -0.000000 1.000000 -0.000000 0.000000 12.731632 -0.000000 1.000000 OffetTransform:1.000000 0.000000 -0.000000 0.000000 0.000000 0.996192 -0.087185 0.000000 -0.000000 0.087185 0.996192 -0.000000 0.000000 -118.470490 8.889009 1.000000 
ChildrenCount:1, 3 
Name:mixamorig:Spine2 i:3 p:2 ToParentTransform:1.000000 0.000000 -0.000000 0.000000 0.000000 1.000000 -0.000000 0.000000 -0.000000 -0.000000 1.000000 -0.000000 0.000000 14.550440 0.000000 1.000000 OffetTransform:1.000000 0.000000 -0.000000 0.000000 0.000000 0.996192 -0.087185 0.000000 -0.000000 0.087185 0.996192 -0.000000 0.000000 -133.020920 8.889009 1.000000 
ChildrenCount:3, 56 60 122 
Name:mixamorig:Neck i:4 p:58 ToParentTransform:1.000000 0.000000 -0.000000 0.000000 0.000000 1.000000 -0.000000 0.000000 -0.000000 -0.000000 1.000000 -0.000000 0.000000 0.000000 -0.000000 1.000000 OffetTransform:1.000000 0.000000 -0.000000 0.000000 0.000000 1.000000 0.000000 0.000000 -0.000000 -0.000000 1.000000 -0.000000 0.000000 -149.596298 -4.169494 1.000000 
ChildrenCount:1, 5 
Name:mixamorig:Head i:5 p:4 ToParentTransform:1.000000 0.000000 -0.000000 0.000000 0.000000 1.000000 -0.000000 0.000000 -0.000000 -0.000000 1.000000 -0.000000 0.000000 6.116714 -2.423307 1.000000 OffetTransform:1.000000 0.000000 -0.000000 0.000000 0.000000 1.000000 0.000000 0.000000 -0.000000 -0.000000 1.000000 -0.000000 0.000000 -155.713013 -1.746186 1.000000 
ChildrenCount:1, 59 
Name:mixamorig:LeftShoulder i:6 p:62 ToParentTransform:1.000000 0.000000 -0.000000 0.000000 0.000000 1.000000 -0.000000 0.000000 -0.000000 -0.000000 1.000000 -0.000000 0.000000 0.000000 -0.000000 1.000000 OffetTransform:-0.040610 0.968333 0.246338 0.000000 -0.089342 -0.249073 0.964355 0.000000 0.995173 0.017154 0.096628 -0.000000 9.179306 29.227684 -144.516907 1.000000 
ChildrenCount:1, 63 
Name:mixamorig:LeftArm i:7 p:65 ToParentTransform:1.000000 0.000000 -0.000000 0.000000 0.000000 1.000000 -0.000000 0.000000 -0.000000 -0.000000 1.000000 -0.000000 0.000000 0.000000 -0.000000 1.000000 OffetTransform:0.001943 0.993489 0.113908 0.000000 -0.100192 -0.113142 0.988514 0.000000 0.994966 -0.013333 0.099319 -0.000000 9.633053 -3.093492 -143.686752 1.000000 
ChildrenCount:1, 66 
Name:mixamorig:LeftForeArm i:8 p:68 ToParentTransform:1.000000 0.000000 -0.000000 0.000000 0.000000 1.000000 -0.000000 0.000000 -0.000000 -0.000000 1.000000 -0.000000 0.000000 0.000000 -0.000000 1.000000 OffetTransform:0.026847 0.995987 0.085374 0.000000 -0.102996 -0.082194 0.991280 0.000000 0.994319 -0.035406 0.100376 -0.000000 8.936448 -32.400658 -143.724594 1.000000 
ChildrenCount:1, 69 
Name:mixamorig:LeftHand i:9 p:71 ToParentTransform:1.000000 0.000000 -0.000000 0.000000 0.000000 1.000000 -0.000000 0.000000 -0.000000 -0.000000 1.000000 -0.000000 0.000000 0.000000 -0.000000 1.000000 OffetTransform:0.113152 0.981742 0.152902 0.000000 0.106177 -0.164957 0.980569 0.000000 0.987888 -0.094719 -0.122904 -0.000000 -26.007130 -44.540874 -146.114410 1.000000 
ChildrenCount:5, 72 82 92 102 112 
Name:mixamorig:LeftHandPinky1 i:10 p:114 ToParentTransform:1.000000 0.000000 -0.000000 0.000000 0.000000 1.000000 -0.000000 0.000000 -0.000000 -0.000000 1.000000 -0.000000 0.000000 0.000000 -0.000000 1.000000 OffetTransform:0.007437 0.966398 0.256942 0.000000 0.123221 -0.255876 0.958824 0.000000 0.992351 0.024530 -0.120984 -0.000000 -23.318071 -41.013134 -151.434052 1.000000 
ChildrenCount:1, 115 
Name:mixamorig:RightShoulder i:11 p:124 ToParentTransform:1.000000 0.000000 -0.000000 0.000000 0.000000 1.000000 -0.000000 0.000000 -0.000000 -0.000000 1.000000 -0.000000 0.000000 0.000000 -0.000000 1.000000 OffetTransform:-0.004638 -0.968333 -0.249619 0.000000 0.086643 -0.249072 0.964602 0.000000 -0.996229 -0.017154 0.085055 -0.000000 -8.816648 29.370581 -144.501389 1.000000 
ChildrenCount:1, 125 
Name:mixamorig:RightArm i:12 p:127 ToParentTransform:1.000000 0.000000 -0.000000 0.000000 0.000000 1.000000 -0.000000 0.000000 -0.000000 -0.000000 1.000000 -0.000000 0.000000 0.000000 -0.000000 1.000000 OffetTransform:-0.047804 -0.992819 -0.109663 0.000000 0.075453 -0.113064 0.990719 0.000000 -0.996003 0.039086 0.080316 -0.000000 -7.065418 -3.334957 -143.830490 1.000000 
ChildrenCount:1, 128 
Name:mixamorig:RightForeArm i:13 p:130 ToParentTransform:1.000000 0.000000 -0.000000 0.000000 0.000000 1.000000 -0.000000 0.000000 -0.000000 -0.000000 1.000000 -0.000000 0.000000 0.000000 -0.000000 1.000000 OffetTransform:0.030594 -0.995910 -0.085015 0.000000 0.084130 -0.082187 0.993060 0.000000 -0.995985 -0.037534 0.081271 -0.000000 -6.070509 -32.387516 -143.878296 1.000000 
ChildrenCount:1, 131 
Name:mixamorig:RightHand i:14 p:133 ToParentTransform:1.000000 0.000000 -0.000000 0.000000 0.000000 1.000000 -0.000000 0.000000 -0.000000 -0.000000 1.000000 -0.000000 0.000000 0.000000 -0.000000 1.000000 OffetTransform:0.112986 -0.980137 -0.162990 0.000000 -0.081916 -0.172671 0.981567 0.000000 -0.990214 -0.097552 -0.099798 -0.000000 22.624075 -43.351727 -147.031876 1.000000 
ChildrenCount:5, 134 144 154 164 174 
Name:mixamorig:RightHandPinky1 i:15 p:176 ToParentTransform:1.000000 0.000000 -0.000000 0.000000 0.000000 1.000000 -0.000000 0.000000 -0.000000 -0.000000 1.000000 -0.000000 0.000000 0.000000 -0.000000 1.000000 OffetTransform:-0.061729 -0.967938 -0.243487 0.000000 -0.111098 -0.235773 0.965437 0.000000 -0.991890 0.086646 -0.092982 -0.000000 16.015486 -43.789883 -151.324417 1.000000 
ChildrenCount:1, 177 
Name:mixamorig:LeftUpLeg i:16 p:186 ToParentTransform:1.000000 0.000000 -0.000000 0.000000 0.000000 1.000000 -0.000000 0.000000 -0.000000 -0.000000 1.000000 -0.000000 0.000000 0.000000 -0.000000 1.000000 OffetTransform:-1.000000 -0.000000 0.000000 0.000000 0.000000 -0.999927 0.012085 0.000000 -0.000000 0.012085 0.999927 -0.000000 13.400273 89.192162 -1.217039 1.000000 
ChildrenCount:1, 187 
Name:mixamorig:LeftLeg i:17 p:189 ToParentTransform:1.000000 0.000000 -0.000000 0.000000 0.000000 1.000000 -0.000000 0.000000 -0.000000 -0.000000 1.000000 -0.000000 0.000000 0.000000 -0.000000 1.000000 OffetTransform:-0.999186 0.040249 -0.002722 0.000000 -0.040338 -0.996021 0.079462 0.000000 0.000488 0.079507 0.996834 -0.000000 15.330873 47.357201 -4.422045 1.000000 
ChildrenCount:1, 190 
Name:mixamorig:LeftFoot i:18 p:192 ToParentTransform:1.000000 0.000000 -0.000000 0.000000 0.000000 1.000000 -0.000000 0.000000 -0.000000 -0.000000 1.000000 -0.000000 0.000000 0.000000 -0.000000 1.000000 OffetTransform:-0.997923 0.064107 0.006242 0.000000 -0.044075 -0.608995 -0.791949 0.000000 -0.046968 -0.790579 0.610555 -0.000000 15.524006 8.919732 6.926489 1.000000 
ChildrenCount:1, 193 
Name:mixamorig:LeftToeBase i:19 p:195 ToParentTransform:1.000000 0.000000 -0.000000 0.000000 0.000000 1.000000 -0.000000 0.000000 -0.000000 -0.000000 1.000000 -0.000000 0.000000 0.000000 -0.000000 1.000000 OffetTransform:-0.997722 0.063486 0.022801 0.000000 -0.022449 0.006246 -0.999729 0.000000 -0.063611 -0.997963 -0.004807 -0.000000 15.329223 -11.526993 0.340694 1.000000 
ChildrenCount:1, 196 
Name:mixamorig:RightUpLeg i:20 p:199 ToParentTransform:1.000000 0.000000 -0.000000 0.000000 0.000000 1.000000 -0.000000 0.000000 -0.000000 -0.000000 1.000000 -0.000000 0.000000 0.000000 -0.000000 1.000000 OffetTransform:-1.000000 -0.000000 0.000000 0.000000 0.000000 -0.999920 0.012655 0.000000 -0.000000 0.012655 0.999920 -0.000000 -13.400274 89.190567 -1.338262 1.000000 
ChildrenCount:1, 200 
Name:mixamorig:RightLeg i:21 p:202 ToParentTransform:1.000000 0.000000 -0.000000 0.000000 0.000000 1.000000 -0.000000 0.000000 -0.000000 -0.000000 1.000000 -0.000000 0.000000 0.000000 -0.000000 1.000000 OffetTransform:-0.999186 -0.040263 0.002513 0.000000 0.040339 -0.996377 0.074872 0.000000 -0.000511 0.074912 0.997190 -0.000000 -15.330836 47.370018 -4.297608 1.000000 
ChildrenCount:1, 203 
Name:mixamorig:RightFoot i:22 p:205 ToParentTransform:1.000000 0.000000 -0.000000 0.000000 0.000000 1.000000 -0.000000 0.000000 -0.000000 -0.000000 1.000000 -0.000000 0.000000 0.000000 -0.000000 1.000000 OffetTransform:-0.997933 -0.058461 0.026672 0.000000 0.014389 -0.607835 -0.793933 0.000000 0.062627 -0.791909 0.607420 -0.000000 -15.230612 8.934982 7.496318 1.000000 
ChildrenCount:1, 206 
Name:mixamorig:RightToeBase i:23 p:208 ToParentTransform:1.000000 0.000000 -0.000000 0.000000 0.000000 1.000000 -0.000000 0.000000 -0.000000 -0.000000 1.000000 -0.000000 0.000000 0.000000 -0.000000 1.000000 OffetTransform:-0.996877 -0.078729 0.006139 0.000000 -0.006639 0.006086 -0.999959 0.000000 0.078689 -0.996877 -0.006589 -0.000000 -15.026777 -11.883199 0.780053 1.000000 
ChildrenCount:1, 209 
Name:mixamorig:LeftHandThumb1 i:24 p:74 ToParentTransform:1.000000 0.000000 -0.000000 0.000000 0.000000 1.000000 -0.000000 0.000000 -0.000000 -0.000000 1.000000 -0.000000 0.000000 0.000000 -0.000000 1.000000 OffetTransform:0.592250 0.732350 0.336010 0.000000 0.008636 -0.422759 0.906201 0.000000 0.805708 -0.533796 -0.256704 -0.000000 -44.000206 5.460886 -147.966614 1.000000 
ChildrenCount:1, 75 
Name:mixamorig:LeftHandThumb2 i:25 p:77 ToParentTransform:1.000000 0.000000 -0.000000 0.000000 0.000000 1.000000 -0.000000 0.000000 -0.000000 -0.000000 1.000000 -0.000000 0.000000 0.000000 -0.000000 1.000000 OffetTransform:0.592250 0.651604 0.473974 0.000000 0.008636 -0.593337 0.804908 0.000000 0.805708 -0.472614 -0.357031 -0.000000 -43.278645 31.029547 -144.688385 1.000000 
ChildrenCount:1, 78 
Name:mixamorig:LeftHandThumb3 i:26 p:80 ToParentTransform:1.000000 0.000000 -0.000000 0.000000 0.000000 1.000000 -0.000000 0.000000 -0.000000 -0.000000 1.000000 -0.000000 0.000000 0.000000 -0.000000 1.000000 OffetTransform:0.592250 0.758419 0.272103 0.000000 0.008636 -0.343655 0.939056 0.000000 0.805708 -0.553806 -0.210080 -0.000000 -43.310322 -14.335971 -146.553146 1.000000 
ChildrenCount:1, 81 
Name:mixamorig:LeftHandIndex1 i:27 p:84 ToParentTransform:1.000000 0.000000 -0.000000 0.000000 0.000000 1.000000 -0.000000 0.000000 -0.000000 -0.000000 1.000000 -0.000000 0.000000 0.000000 -0.000000 1.000000 OffetTransform:0.212183 0.969952 0.119044 0.000000 0.088892 -0.140470 0.986086 0.000000 0.973179 -0.198649 -0.116026 -0.000000 -27.919153 -57.344677 -144.113220 1.000000 
ChildrenCount:1, 85 
Name:mixamorig:LeftHandIndex2 i:28 p:87 ToParentTransform:1.000000 0.000000 -0.000000 0.000000 0.000000 1.000000 -0.000000 0.000000 -0.000000 -0.000000 1.000000 -0.000000 0.000000 0.000000 -0.000000 1.000000 OffetTransform:0.212183 0.928348 0.305202 0.000000 0.088892 -0.329354 0.940013 0.000000 0.973179 -0.172325 -0.152406 -0.000000 -27.955088 -31.531818 -153.156433 1.000000 
ChildrenCount:1, 88 
Name:mixamorig:LeftHandIndex3 i:29 p:90 ToParentTransform:1.000000 0.000000 -0.000000 0.000000 0.000000 1.000000 -0.000000 0.000000 -0.000000 -0.000000 1.000000 -0.000000 0.000000 0.000000 -0.000000 1.000000 OffetTransform:0.212183 0.921171 0.326223 0.000000 0.088892 -0.350634 0.932284 0.000000 0.973179 -0.168817 -0.156283 -0.000000 -27.938032 -31.354578 -153.908813 1.000000 
ChildrenCount:1, 91 
Name:mixamorig:LeftHandMiddle1 i:30 p:94 ToParentTransform:1.000000 0.000000 -0.000000 0.000000 0.000000 1.000000 -0.000000 0.000000 -0.000000 -0.000000 1.000000 -0.000000 0.000000 0.000000 -0.000000 1.000000 OffetTransform:0.098587 0.982249 0.159588 0.000000 0.108611 -0.170032 0.979435 0.000000 0.989184 -0.079227 -0.123446 -0.000000 -24.156136 -54.974880 -146.563812 1.000000 
ChildrenCount:1, 95 
Name:mixamorig:LeftHandMiddle2 i:31 p:97 ToParentTransform:1.000000 0.000000 -0.000000 0.000000 0.000000 1.000000 -0.000000 0.000000 -0.000000 -0.000000 1.000000 -0.000000 0.000000 0.000000 -0.000000 1.000000 OffetTransform:0.098587 0.949040 0.299338 0.000000 0.108611 -0.309268 0.944753 0.000000 0.989184 -0.060629 -0.133566 -0.000000 -24.178915 -36.751938 -153.453552 1.000000 
ChildrenCount:1, 98 
Name:mixamorig:LeftHandMiddle3 i:32 p:100 ToParentTransform:1.000000 0.000000 -0.000000 0.000000 0.000000 1.000000 -0.000000 0.000000 -0.000000 -0.000000 1.000000 -0.000000 0.000000 0.000000 -0.000000 1.000000 OffetTransform:0.098587 0.946153 0.308343 0.000000 0.108611 -0.318232 0.941771 0.000000 0.989184 -0.059357 -0.134136 -0.000000 -24.167482 -38.625515 -153.827560 1.000000 
ChildrenCount:1, 101 
Name:mixamorig:LeftHandRing1 i:33 p:104 ToParentTransform:1.000000 0.000000 -0.000000 0.000000 0.000000 1.000000 -0.000000 0.000000 -0.000000 -0.000000 1.000000 -0.000000 0.000000 0.000000 -0.000000 1.000000 OffetTransform:0.056119 0.955327 0.290175 0.000000 0.115550 -0.294895 0.948517 0.000000 0.991715 -0.019700 -0.126937 -0.000000 -24.024225 -36.213383 -152.867096 1.000000 
ChildrenCount:1, 105 
Name:mixamorig:LeftHandRing2 i:34 p:107 ToParentTransform:1.000000 0.000000 -0.000000 0.000000 0.000000 1.000000 -0.000000 0.000000 -0.000000 -0.000000 1.000000 -0.000000 0.000000 0.000000 -0.000000 1.000000 OffetTransform:0.056119 0.949165 0.309736 0.000000 0.115550 -0.314314 0.942260 0.000000 0.991715 -0.017088 -0.127315 -0.000000 -24.016706 -35.814312 -153.635101 1.000000 
ChildrenCount:1, 108 
Name:mixamorig:LeftHandRing3 i:35 p:110 ToParentTransform:1.000000 0.000000 -0.000000 0.000000 0.000000 1.000000 -0.000000 0.000000 -0.000000 -0.000000 1.000000 -0.000000 0.000000 0.000000 -0.000000 1.000000 OffetTransform:0.056119 0.990188 0.127975 0.000000 0.115550 -0.133757 0.984255 0.000000 0.991715 -0.040447 -0.121923 -0.000000 -24.005896 -66.361877 -143.808609 1.000000 
ChildrenCount:1, 111 
Name:mixamorig:LeftHandPinky2 i:36 p:117 ToParentTransform:1.000000 0.000000 -0.000000 0.000000 0.000000 1.000000 -0.000000 0.000000 -0.000000 -0.000000 1.000000 -0.000000 0.000000 0.000000 -0.000000 1.000000 OffetTransform:0.007437 0.899215 0.437443 0.000000 0.123221 -0.434946 0.891986 0.000000 0.992351 0.047268 -0.114037 -0.000000 -23.324022 -13.922925 -157.015579 1.000000 
ChildrenCount:1, 118 
Name:mixamorig:LeftHandPinky3 i:37 p:120 ToParentTransform:1.000000 0.000000 -0.000000 0.000000 0.000000 1.000000 -0.000000 0.000000 -0.000000 -0.000000 1.000000 -0.000000 0.000000 0.000000 -0.000000 1.000000 OffetTransform:0.007437 0.991515 0.129777 0.000000 0.123221 -0.129700 0.983867 0.000000 0.992351 0.008674 -0.123140 -0.000000 -23.300920 -65.359863 -143.707245 1.000000 
ChildrenCount:1, 121 
Name:mixamorig:RightHandThumb1 i:38 p:136 ToParentTransform:1.000000 0.000000 -0.000000 0.000000 0.000000 1.000000 -0.000000 0.000000 -0.000000 -0.000000 1.000000 -0.000000 0.000000 0.000000 -0.000000 1.000000 OffetTransform:0.586262 -0.720387 -0.370593 0.000000 0.014996 -0.447724 0.894046 0.000000 -0.809983 -0.529703 -0.251681 -0.000000 40.251305 9.634425 -148.688950 1.000000 
ChildrenCount:1, 137 
Name:mixamorig:RightHandThumb2 i:39 p:139 ToParentTransform:1.000000 0.000000 -0.000000 0.000000 0.000000 1.000000 -0.000000 0.000000 -0.000000 -0.000000 1.000000 -0.000000 0.000000 0.000000 -0.000000 1.000000 OffetTransform:0.586262 -0.670170 -0.455158 0.000000 0.014996 -0.552765 0.833202 0.000000 -0.809983 -0.495300 -0.314015 -0.000000 39.481110 23.929323 -146.871552 1.000000 
ChildrenCount:1, 140 
Name:mixamorig:RightHandThumb3 i:40 p:142 ToParentTransform:1.000000 0.000000 -0.000000 0.000000 0.000000 1.000000 -0.000000 0.000000 -0.000000 -0.000000 1.000000 -0.000000 0.000000 0.000000 -0.000000 1.000000 OffetTransform:0.586262 -0.769300 -0.253918 0.000000 0.014996 -0.303072 0.952850 0.000000 -0.809983 -0.562427 -0.166143 -0.000000 39.697437 -20.704617 -146.822586 1.000000 
ChildrenCount:1, 143 
Name:mixamorig:RightHandIndex1 i:41 p:146 ToParentTransform:1.000000 0.000000 -0.000000 0.000000 0.000000 1.000000 -0.000000 0.000000 -0.000000 -0.000000 1.000000 -0.000000 0.000000 0.000000 -0.000000 1.000000 OffetTransform:0.205786 -0.966767 -0.151703 0.000000 -0.065105 -0.168203 0.983600 0.000000 -0.976429 -0.192534 -0.097555 -0.000000 24.178711 -53.674988 -146.361557 1.000000 
ChildrenCount:1, 147 
Name:mixamorig:RightHandIndex2 i:42 p:149 ToParentTransform:1.000000 0.000000 -0.000000 0.000000 0.000000 1.000000 -0.000000 0.000000 -0.000000 -0.000000 1.000000 -0.000000 0.000000 0.000000 -0.000000 1.000000 OffetTransform:0.205786 -0.927911 -0.310860 0.000000 -0.065105 -0.329937 0.941755 0.000000 -0.976429 -0.173561 -0.128308 -0.000000 24.202843 -31.824827 -153.826477 1.000000 
ChildrenCount:1, 150 
Name:mixamorig:RightHandIndex3 i:43 p:152 ToParentTransform:1.000000 0.000000 -0.000000 0.000000 0.000000 1.000000 -0.000000 0.000000 -0.000000 -0.000000 1.000000 -0.000000 0.000000 0.000000 -0.000000 1.000000 OffetTransform:0.205786 -0.909095 -0.362213 0.000000 -0.065105 -0.382033 0.921853 0.000000 -0.976429 -0.166122 -0.137804 -0.000000 24.194424 -26.328663 -155.540237 1.000000 
ChildrenCount:1, 153 
Name:mixamorig:RightHandMiddle1 i:44 p:156 ToParentTransform:1.000000 0.000000 -0.000000 0.000000 0.000000 1.000000 -0.000000 0.000000 -0.000000 -0.000000 1.000000 -0.000000 0.000000 0.000000 -0.000000 1.000000 OffetTransform:0.121642 -0.978556 -0.166231 0.000000 -0.080387 -0.176637 0.980988 0.000000 -0.989314 -0.105966 -0.100150 -0.000000 22.252008 -54.624645 -147.395432 1.000000 
ChildrenCount:1, 157 
Name:mixamorig:RightHandMiddle2 i:45 p:159 ToParentTransform:1.000000 0.000000 -0.000000 0.000000 0.000000 1.000000 -0.000000 0.000000 -0.000000 -0.000000 1.000000 -0.000000 0.000000 0.000000 -0.000000 1.000000 OffetTransform:0.121642 -0.941219 -0.315134 0.000000 -0.080387 -0.325791 0.942018 0.000000 -0.989314 -0.089256 -0.115292 -0.000000 22.252527 -34.276741 -154.528992 1.000000 
ChildrenCount:1, 160 
Name:mixamorig:RightHandMiddle3 i:46 p:162 ToParentTransform:1.000000 0.000000 -0.000000 0.000000 0.000000 1.000000 -0.000000 0.000000 -0.000000 -0.000000 1.000000 -0.000000 0.000000 0.000000 -0.000000 1.000000 OffetTransform:0.121642 -0.991754 0.040352 0.000000 -0.080387 0.030677 0.996292 0.000000 -0.989314 -0.124434 -0.075993 -0.000000 22.227348 -90.002266 -131.084961 1.000000 
ChildrenCount:1, 163 
Name:mixamorig:RightHandRing1 i:47 p:166 ToParentTransform:1.000000 0.000000 -0.000000 0.000000 0.000000 1.000000 -0.000000 0.000000 -0.000000 -0.000000 1.000000 -0.000000 0.000000 0.000000 -0.000000 1.000000 OffetTransform:0.049980 -0.972660 -0.226794 0.000000 -0.092807 -0.230618 0.968608 0.000000 -0.994429 -0.027363 -0.101796 -0.000000 20.327826 -47.485287 -150.355804 1.000000 
ChildrenCount:1, 167 
Name:mixamorig:RightHandRing2 i:48 p:169 ToParentTransform:1.000000 0.000000 -0.000000 0.000000 0.000000 1.000000 -0.000000 0.000000 -0.000000 -0.000000 1.000000 -0.000000 0.000000 0.000000 -0.000000 1.000000 OffetTransform:0.049980 -0.961983 -0.268496 0.000000 -0.092807 -0.272142 0.957771 0.000000 -0.994429 -0.022951 -0.102880 -0.000000 20.324722 -43.473289 -152.370636 1.000000 
ChildrenCount:1, 170 
Name:mixamorig:RightHandRing3 i:49 p:172 ToParentTransform:1.000000 0.000000 -0.000000 0.000000 0.000000 1.000000 -0.000000 0.000000 -0.000000 -0.000000 1.000000 -0.000000 0.000000 0.000000 -0.000000 1.000000 OffetTransform:0.049980 -0.997489 -0.050169 0.000000 -0.092807 -0.054653 0.994183 0.000000 -0.994429 -0.045033 -0.095305 -0.000000 20.316858 -78.234818 -138.548279 1.000000 
ChildrenCount:1, 173 
Name:mixamorig:RightHandPinky2 i:50 p:179 ToParentTransform:1.000000 0.000000 -0.000000 0.000000 0.000000 1.000000 -0.000000 0.000000 -0.000000 -0.000000 1.000000 -0.000000 0.000000 0.000000 -0.000000 1.000000 OffetTransform:-0.061729 -0.920892 -0.384900 0.000000 -0.111098 -0.376899 0.919568 0.000000 -0.991890 0.099526 -0.079044 -0.000000 16.018610 -23.721071 -156.602310 1.000000 
ChildrenCount:1, 180 
Name:mixamorig:RightHandPinky3 i:51 p:182 ToParentTransform:1.000000 0.000000 -0.000000 0.000000 0.000000 1.000000 -0.000000 0.000000 -0.000000 -0.000000 1.000000 -0.000000 0.000000 0.000000 -0.000000 1.000000 OffetTransform:-0.061729 -0.985993 -0.154940 0.000000 -0.111098 -0.147484 0.982805 0.000000 -0.991890 0.077881 -0.100438 -0.000000 16.006544 -62.769653 -145.861710 1.000000 
ChildrenCount:1, 183 
Name:RootNode i:52 p:-1 ToParentTransform:1.000000 0.000000 -0.000000 0.000000 0.000000 1.000000 -0.000000 0.000000 -0.000000 -0.000000 1.000000 -0.000000 0.000000 0.000000 -0.000000 1.000000 OffetTransform:1.000000 0.000000 0.000000 0.000000 0.000000 1.000000 0.000000 0.000000 0.000000 0.000000 1.000000 0.000000 0.000000 0.000000 0.000000 1.000000 
ChildrenCount:2, 0 210 
Name:mixamorig:Spine_$AssimpFbx$_Translation i:53 p:0 ToParentTransform:1.000000 0.000000 -0.000000 0.000000 0.000000 1.000000 -0.000000 0.000000 -0.000000 -0.000000 1.000000 -0.000000 0.000000 10.871269 0.951440 1.000000 OffetTransform:1.000000 0.000000 0.000000 0.000000 0.000000 1.000000 0.000000 0.000000 0.000000 0.000000 1.000000 0.000000 0.000000 0.000000 0.000000 1.000000 
ChildrenCount:1, 54 
Name:mixamorig:Spine_$AssimpFbx$_PreRotation i:54 p:53 ToParentTransform:1.000000 0.000000 -0.000000 0.000000 0.000000 0.996192 0.087185 0.000000 -0.000000 -0.087185 0.996192 -0.000000 0.000000 0.000000 -0.000000 1.000000 OffetTransform:1.000000 0.000000 0.000000 0.000000 0.000000 1.000000 0.000000 0.000000 0.000000 0.000000 1.000000 0.000000 0.000000 0.000000 0.000000 1.000000 
ChildrenCount:1, 55 
Name:mixamorig:Spine_$AssimpFbx$_Rotation i:55 p:54 ToParentTransform:1.000000 0.000000 -0.000000 0.000000 0.000000 1.000000 -0.000000 0.000000 -0.000000 -0.000000 1.000000 -0.000000 0.000000 0.000000 -0.000000 1.000000 OffetTransform:1.000000 0.000000 0.000000 0.000000 0.000000 1.000000 0.000000 0.000000 0.000000 0.000000 1.000000 0.000000 0.000000 0.000000 0.000000 1.000000 
ChildrenCount:1, 1 
Name:mixamorig:Neck_$AssimpFbx$_Translation i:56 p:3 ToParentTransform:1.000000 0.000000 -0.000000 0.000000 0.000000 1.000000 -0.000000 0.000000 -0.000000 -0.000000 1.000000 -0.000000 0.000000 16.369232 0.000000 1.000000 OffetTransform:1.000000 0.000000 0.000000 0.000000 0.000000 1.000000 0.000000 0.000000 0.000000 0.000000 1.000000 0.000000 0.000000 0.000000 0.000000 1.000000 
ChildrenCount:1, 57 
Name:mixamorig:Neck_$AssimpFbx$_PreRotation i:57 p:56 ToParentTransform:1.000000 0.000000 -0.000000 0.000000 0.000000 0.996192 -0.087185 0.000000 -0.000000 0.087185 0.996192 -0.000000 0.000000 0.000000 -0.000000 1.000000 OffetTransform:1.000000 0.000000 0.000000 0.000000 0.000000 1.000000 0.000000 0.000000 0.000000 0.000000 1.000000 0.000000 0.000000 0.000000 0.000000 1.000000 
ChildrenCount:1, 58 
Name:mixamorig:Neck_$AssimpFbx$_Rotation i:58 p:57 ToParentTransform:1.000000 0.000000 -0.000000 0.000000 0.000000 1.000000 -0.000000 0.000000 -0.000000 -0.000000 1.000000 -0.000000 0.000000 0.000000 -0.000000 1.000000 OffetTransform:1.000000 0.000000 0.000000 0.000000 0.000000 1.000000 0.000000 0.000000 0.000000 0.000000 1.000000 0.000000 0.000000 0.000000 0.000000 1.000000 
ChildrenCount:1, 4 
Name:mixamorig:HeadTop_End i:59 p:5 ToParentTransform:1.000000 0.000000 -0.000000 0.000000 0.000000 1.000000 -0.000000 0.000000 -0.000000 -0.000000 1.000000 -0.000000 0.000000 23.712753 -9.394469 1.000000 OffetTransform:1.000000 0.000000 0.000000 0.000000 0.000000 1.000000 0.000000 0.000000 0.000000 0.000000 1.000000 0.000000 0.000000 0.000000 0.000000 1.000000 
ChildrenCount:0, 
Name:mixamorig:LeftShoulder_$AssimpFbx$_Translation i:60 p:3 ToParentTransform:1.000000 0.000000 -0.000000 0.000000 0.000000 1.000000 -0.000000 0.000000 -0.000000 -0.000000 1.000000 -0.000000 7.670616 14.260415 0.343697 1.000000 OffetTransform:1.000000 0.000000 0.000000 0.000000 0.000000 1.000000 0.000000 0.000000 0.000000 0.000000 1.000000 0.000000 0.000000 0.000000 0.000000 1.000000 
ChildrenCount:1, 61 
Name:mixamorig:LeftShoulder_$AssimpFbx$_PreRotation i:61 p:60 ToParentTransform:-0.040610 -0.002238 0.999173 0.000000 0.968333 -0.246628 0.038804 0.000000 0.246338 0.969108 0.012182 -0.000000 0.000000 0.000000 -0.000000 1.000000 OffetTransform:1.000000 0.000000 0.000000 0.000000 0.000000 1.000000 0.000000 0.000000 0.000000 0.000000 1.000000 0.000000 0.000000 0.000000 0.000000 1.000000 
ChildrenCount:1, 62 
Name:mixamorig:LeftShoulder_$AssimpFbx$_Rotation i:62 p:61 ToParentTransform:1.000000 0.000000 -0.000000 0.000000 0.000000 1.000000 -0.000000 0.000000 -0.000000 -0.000000 1.000000 -0.000000 0.000000 0.000000 -0.000000 1.000000 OffetTransform:1.000000 0.000000 0.000000 0.000000 0.000000 1.000000 0.000000 0.000000 0.000000 0.000000 1.000000 0.000000 0.000000 0.000000 0.000000 1.000000 
ChildrenCount:1, 6 
Name:mixamorig:LeftArm_$AssimpFbx$_Translation i:63 p:6 ToParentTransform:1.000000 0.000000 -0.000000 0.000000 0.000000 1.000000 -0.000000 0.000000 -0.000000 -0.000000 1.000000 -0.000000 0.268409 12.583474 -1.716999 1.000000 OffetTransform:1.000000 0.000000 0.000000 0.000000 0.000000 1.000000 0.000000 0.000000 0.000000 0.000000 1.000000 0.000000 0.000000 0.000000 0.000000 1.000000 
ChildrenCount:1, 64 
Name:mixamorig:LeftArm_$AssimpFbx$_PreRotation i:64 p:63 ToParentTransform:0.999036 0.043904 -0.000000 0.000000 -0.043506 0.989980 0.134337 0.000000 0.005898 -0.134207 0.990936 -0.000000 0.000000 0.000000 -0.000000 1.000000 OffetTransform:1.000000 0.000000 0.000000 0.000000 0.000000 1.000000 0.000000 0.000000 0.000000 0.000000 1.000000 0.000000 0.000000 0.000000 0.000000 1.000000 
ChildrenCount:1, 65 
Name:mixamorig:LeftArm_$AssimpFbx$_Rotation i:65 p:64 ToParentTransform:1.000000 0.000000 -0.000000 0.000000 0.000000 1.000000 -0.000000 0.000000 -0.000000 -0.000000 1.000000 -0.000000 0.000000 0.000000 -0.000000 1.000000 OffetTransform:1.000000 0.000000 0.000000 0.000000 0.000000 1.000000 0.000000 0.000000 0.000000 0.000000 1.000000 0.000000 0.000000 0.000000 0.000000 1.000000 
ChildrenCount:1, 7 
Name:mixamorig:LeftForeArm_$AssimpFbx$_Translation i:66 p:7 ToParentTransform:1.000000 0.000000 -0.000000 0.000000 0.000000 1.000000 -0.000000 0.000000 -0.000000 -0.000000 1.000000 -0.000000 -0.009129 24.938295 0.908071 1.000000 OffetTransform:1.000000 0.000000 0.000000 0.000000 0.000000 1.000000 0.000000 0.000000 0.000000 0.000000 1.000000 0.000000 0.000000 0.000000 0.000000 1.000000 
ChildrenCount:1, 67 
Name:mixamorig:LeftForeArm_$AssimpFbx$_PreRotation i:67 p:66 ToParentTransform:0.999686 0.025068 -0.000000 0.000000 -0.025058 0.999274 0.028684 0.000000 0.000719 -0.028675 0.999589 -0.000000 0.000000 0.000000 -0.000000 1.000000 OffetTransform:1.000000 0.000000 0.000000 0.000000 0.000000 1.000000 0.000000 0.000000 0.000000 0.000000 1.000000 0.000000 0.000000 0.000000 0.000000 1.000000 
ChildrenCount:1, 68 
Name:mixamorig:LeftForeArm_$AssimpFbx$_Rotation i:68 p:67 ToParentTransform:1.000000 0.000000 -0.000000 0.000000 0.000000 1.000000 -0.000000 0.000000 -0.000000 -0.000000 1.000000 -0.000000 0.000000 0.000000 -0.000000 1.000000 OffetTransform:1.000000 0.000000 0.000000 0.000000 0.000000 1.000000 0.000000 0.000000 0.000000 0.000000 1.000000 0.000000 0.000000 0.000000 0.000000 1.000000 
ChildrenCount:1, 8 
Name:mixamorig:LeftHand_$AssimpFbx$_Translation i:69 p:8 ToParentTransform:1.000000 0.000000 -0.000000 0.000000 0.000000 1.000000 -0.000000 0.000000 -0.000000 -0.000000 1.000000 -0.000000 0.000000 24.810038 0.000000 1.000000 OffetTransform:1.000000 0.000000 0.000000 0.000000 0.000000 1.000000 0.000000 0.000000 0.000000 0.000000 1.000000 0.000000 0.000000 0.000000 0.000000 1.000000 
ChildrenCount:1, 70 
Name:mixamorig:LeftHand_$AssimpFbx$_PreRotation i:70 p:69 ToParentTransform:0.974378 0.068993 0.214072 0.000000 -0.050833 0.994715 -0.089210 0.000000 -0.219096 0.076043 0.972736 -0.000000 0.000000 0.000000 -0.000000 1.000000 OffetTransform:1.000000 0.000000 0.000000 0.000000 0.000000 1.000000 0.000000 0.000000 0.000000 0.000000 1.000000 0.000000 0.000000 0.000000 0.000000 1.000000 
ChildrenCount:1, 71 
Name:mixamorig:LeftHand_$AssimpFbx$_Rotation i:71 p:70 ToParentTransform:1.000000 0.000000 -0.000000 0.000000 0.000000 1.000000 -0.000000 0.000000 -0.000000 -0.000000 1.000000 -0.000000 0.000000 0.000000 -0.000000 1.000000 OffetTransform:1.000000 0.000000 0.000000 0.000000 0.000000 1.000000 0.000000 0.000000 0.000000 0.000000 1.000000 0.000000 0.000000 0.000000 0.000000 1.000000 
ChildrenCount:1, 9 
Name:mixamorig:LeftHandThumb1_$AssimpFbx$_Translation i:72 p:9 ToParentTransform:1.000000 0.000000 -0.000000 0.000000 0.000000 1.000000 -0.000000 0.000000 -0.000000 -0.000000 1.000000 -0.000000 -2.984703 3.328346 -1.067989 1.000000 OffetTransform:1.000000 0.000000 0.000000 0.000000 0.000000 1.000000 0.000000 0.000000 0.000000 0.000000 1.000000 0.000000 0.000000 0.000000 0.000000 1.000000 
ChildrenCount:1, 73 
Name:mixamorig:LeftHandThumb1_$AssimpFbx$_PreRotation i:73 p:72 ToParentTransform:0.863880 0.503697 0.000000 0.000000 -0.489351 0.839276 -0.236961 0.000000 -0.119357 0.204706 0.971519 -0.000000 0.000000 0.000000 -0.000000 1.000000 OffetTransform:1.000000 0.000000 0.000000 0.000000 0.000000 1.000000 0.000000 0.000000 0.000000 0.000000 1.000000 0.000000 0.000000 0.000000 0.000000 1.000000 
ChildrenCount:1, 74 
Name:mixamorig:LeftHandThumb1_$AssimpFbx$_Rotation i:74 p:73 ToParentTransform:1.000000 0.000000 -0.000000 0.000000 0.000000 1.000000 -0.000000 0.000000 -0.000000 -0.000000 1.000000 -0.000000 0.000000 0.000000 -0.000000 1.000000 OffetTransform:1.000000 0.000000 0.000000 0.000000 0.000000 1.000000 0.000000 0.000000 0.000000 0.000000 1.000000 0.000000 0.000000 0.000000 0.000000 1.000000 
ChildrenCount:1, 24 
Name:mixamorig:LeftHandThumb2_$AssimpFbx$_Translation i:75 p:24 ToParentTransform:1.000000 0.000000 -0.000000 0.000000 0.000000 1.000000 -0.000000 0.000000 -0.000000 -0.000000 1.000000 -0.000000 -0.721557 3.605639 -0.000000 1.000000 OffetTransform:1.000000 0.000000 0.000000 0.000000 0.000000 1.000000 0.000000 0.000000 0.000000 0.000000 1.000000 0.000000 0.000000 0.000000 0.000000 1.000000 
ChildrenCount:1, 76 
Name:mixamorig:LeftHandThumb2_$AssimpFbx$_PreRotation i:76 p:75 ToParentTransform:1.000000 0.000000 -0.000000 0.000000 0.000000 0.980320 -0.197415 0.000000 -0.000000 0.197415 0.980320 -0.000000 0.000000 0.000000 -0.000000 1.000000 OffetTransform:1.000000 0.000000 0.000000 0.000000 0.000000 1.000000 0.000000 0.000000 0.000000 0.000000 1.000000 0.000000 0.000000 0.000000 0.000000 1.000000 
ChildrenCount:1, 77 
Name:mixamorig:LeftHandThumb2_$AssimpFbx$_Rotation i:77 p:76 ToParentTransform:1.000000 0.000000 -0.000000 0.000000 0.000000 1.000000 -0.000000 0.000000 -0.000000 -0.000000 1.000000 -0.000000 0.000000 0.000000 -0.000000 1.000000 OffetTransform:1.000000 0.000000 0.000000 0.000000 0.000000 1.000000 0.000000 0.000000 0.000000 0.000000 1.000000 0.000000 0.000000 0.000000 0.000000 1.000000 
ChildrenCount:1, 25 
Name:mixamorig:LeftHandThumb3_$AssimpFbx$_Translation i:78 p:25 ToParentTransform:1.000000 0.000000 -0.000000 0.000000 0.000000 1.000000 -0.000000 0.000000 -0.000000 -0.000000 1.000000 -0.000000 0.031679 3.668723 0.000000 1.000000 OffetTransform:1.000000 0.000000 0.000000 0.000000 0.000000 1.000000 0.000000 0.000000 0.000000 0.000000 1.000000 0.000000 0.000000 0.000000 0.000000 1.000000 
ChildrenCount:1, 79 
Name:mixamorig:LeftHandThumb3_$AssimpFbx$_PreRotation i:79 p:78 ToParentTransform:1.000000 0.000000 -0.000000 0.000000 0.000000 0.959829 0.280587 0.000000 -0.000000 -0.280587 0.959829 -0.000000 0.000000 0.000000 -0.000000 1.000000 OffetTransform:1.000000 0.000000 0.000000 0.000000 0.000000 1.000000 0.000000 0.000000 0.000000 0.000000 1.000000 0.000000 0.000000 0.000000 0.000000 1.000000 
ChildrenCount:1, 80 
Name:mixamorig:LeftHandThumb3_$AssimpFbx$_Rotation i:80 p:79 ToParentTransform:1.000000 0.000000 -0.000000 0.000000 0.000000 1.000000 -0.000000 0.000000 -0.000000 -0.000000 1.000000 -0.000000 0.000000 0.000000 -0.000000 1.000000 OffetTransform:1.000000 0.000000 0.000000 0.000000 0.000000 1.000000 0.000000 0.000000 0.000000 0.000000 1.000000 0.000000 0.000000 0.000000 0.000000 1.000000 
ChildrenCount:1, 26 
Name:mixamorig:LeftHandThumb4 i:81 p:26 ToParentTransform:1.000000 0.000000 -0.000000 0.000000 0.000000 1.000000 -0.000000 0.000000 -0.000000 -0.000000 1.000000 -0.000000 0.689879 2.847444 -0.000000 1.000000 OffetTransform:1.000000 0.000000 0.000000 0.000000 0.000000 1.000000 0.000000 0.000000 0.000000 0.000000 1.000000 0.000000 0.000000 0.000000 0.000000 1.000000 
ChildrenCount:0, 
Name:mixamorig:LeftHandIndex1_$AssimpFbx$_Translation i:82 p:9 ToParentTransform:1.000000 0.000000 -0.000000 0.000000 0.000000 1.000000 -0.000000 0.000000 -0.000000 -0.000000 1.000000 -0.000000 -3.535614 10.290469 -0.083353 1.000000 OffetTransform:1.000000 0.000000 0.000000 0.000000 0.000000 1.000000 0.000000 0.000000 0.000000 0.000000 1.000000 0.000000 0.000000 0.000000 0.000000 1.000000 
ChildrenCount:1, 83 
Name:mixamorig:LeftHandIndex1_$AssimpFbx$_PreRotation i:83 p:82 ToParentTransform:0.994839 0.101468 0.000000 0.000000 -0.101406 0.994230 0.034982 0.000000 0.003550 -0.034801 0.999388 -0.000000 0.000000 0.000000 -0.000000 1.000000 OffetTransform:1.000000 0.000000 0.000000 0.000000 0.000000 1.000000 0.000000 0.000000 0.000000 0.000000 1.000000 0.000000 0.000000 0.000000 0.000000 1.000000 
ChildrenCount:1, 84 
Name:mixamorig:LeftHandIndex1_$AssimpFbx$_Rotation i:84 p:83 ToParentTransform:1.000000 0.000000 -0.000000 0.000000 0.000000 1.000000 -0.000000 0.000000 -0.000000 -0.000000 1.000000 -0.000000 0.000000 0.000000 -0.000000 1.000000 OffetTransform:1.000000 0.000000 0.000000 0.000000 0.000000 1.000000 0.000000 0.000000 0.000000 0.000000 1.000000 0.000000 0.000000 0.000000 0.000000 1.000000 
ChildrenCount:1, 27 
Name:mixamorig:LeftHandIndex2_$AssimpFbx$_Translation i:85 p:27 ToParentTransform:1.000000 0.000000 -0.000000 0.000000 0.000000 1.000000 -0.000000 0.000000 -0.000000 -0.000000 1.000000 -0.000000 0.035938 3.339123 0.000000 1.000000 OffetTransform:1.000000 0.000000 0.000000 0.000000 0.000000 1.000000 0.000000 0.000000 0.000000 0.000000 1.000000 0.000000 0.000000 0.000000 0.000000 1.000000 
ChildrenCount:1, 86 
Name:mixamorig:LeftHandIndex2_$AssimpFbx$_PreRotation i:86 p:85 ToParentTransform:1.000000 0.000000 -0.000000 0.000000 0.000000 0.980949 -0.194263 0.000000 -0.000000 0.194263 0.980949 -0.000000 0.000000 0.000000 -0.000000 1.000000 OffetTransform:1.000000 0.000000 0.000000 0.000000 0.000000 1.000000 0.000000 0.000000 0.000000 0.000000 1.000000 0.000000 0.000000 0.000000 0.000000 1.000000 
ChildrenCount:1, 87 
Name:mixamorig:LeftHandIndex2_$AssimpFbx$_Rotation i:87 p:86 ToParentTransform:1.000000 0.000000 -0.000000 0.000000 0.000000 1.000000 -0.000000 0.000000 -0.000000 -0.000000 1.000000 -0.000000 0.000000 0.000000 -0.000000 1.000000 OffetTransform:1.000000 0.000000 0.000000 0.000000 0.000000 1.000000 0.000000 0.000000 0.000000 0.000000 1.000000 0.000000 0.000000 0.000000 0.000000 1.000000 
ChildrenCount:1, 28 
Name:mixamorig:LeftHandIndex3_$AssimpFbx$_Translation i:88 p:28 ToParentTransform:1.000000 0.000000 -0.000000 0.000000 0.000000 1.000000 -0.000000 0.000000 -0.000000 -0.000000 1.000000 -0.000000 -0.017054 3.312770 0.000000 1.000000 OffetTransform:1.000000 0.000000 0.000000 0.000000 0.000000 1.000000 0.000000 0.000000 0.000000 0.000000 1.000000 0.000000 0.000000 0.000000 0.000000 1.000000 
ChildrenCount:1, 89 
Name:mixamorig:LeftHandIndex3_$AssimpFbx$_PreRotation i:89 p:88 ToParentTransform:1.000000 0.000000 -0.000000 0.000000 0.000000 0.999742 -0.022728 0.000000 -0.000000 0.022728 0.999742 -0.000000 0.000000 0.000000 -0.000000 1.000000 OffetTransform:1.000000 0.000000 0.000000 0.000000 0.000000 1.000000 0.000000 0.000000 0.000000 0.000000 1.000000 0.000000 0.000000 0.000000 0.000000 1.000000 
ChildrenCount:1, 90 
Name:mixamorig:LeftHandIndex3_$AssimpFbx$_Rotation i:90 p:89 ToParentTransform:1.000000 0.000000 -0.000000 0.000000 0.000000 1.000000 -0.000000 0.000000 -0.000000 -0.000000 1.000000 -0.000000 0.000000 0.000000 -0.000000 1.000000 OffetTransform:1.000000 0.000000 0.000000 0.000000 0.000000 1.000000 0.000000 0.000000 0.000000 0.000000 1.000000 0.000000 0.000000 0.000000 0.000000 1.000000 
ChildrenCount:1, 29 
Name:mixamorig:LeftHandIndex4 i:91 p:29 ToParentTransform:1.000000 0.000000 -0.000000 0.000000 0.000000 1.000000 -0.000000 0.000000 -0.000000 -0.000000 1.000000 -0.000000 -0.018884 2.693398 -0.000000 1.000000 OffetTransform:1.000000 0.000000 0.000000 0.000000 0.000000 1.000000 0.000000 0.000000 0.000000 0.000000 1.000000 0.000000 0.000000 0.000000 0.000000 1.000000 
ChildrenCount:0, 
Name:mixamorig:LeftHandMiddle1_$AssimpFbx$_Translation i:92 p:9 ToParentTransform:1.000000 0.000000 -0.000000 0.000000 0.000000 1.000000 -0.000000 0.000000 -0.000000 -0.000000 1.000000 -0.000000 -1.024001 11.065642 0.072012 1.000000 OffetTransform:1.000000 0.000000 0.000000 0.000000 0.000000 1.000000 0.000000 0.000000 0.000000 0.000000 1.000000 0.000000 0.000000 0.000000 0.000000 1.000000 
ChildrenCount:1, 93 
Name:mixamorig:LeftHandMiddle1_$AssimpFbx$_PreRotation i:93 p:92 ToParentTransform:0.999890 -0.014823 0.000000 0.000000 0.014823 0.999867 -0.006803 0.000000 0.000101 0.006803 0.999977 -0.000000 0.000000 0.000000 -0.000000 1.000000 OffetTransform:1.000000 0.000000 0.000000 0.000000 0.000000 1.000000 0.000000 0.000000 0.000000 0.000000 1.000000 0.000000 0.000000 0.000000 0.000000 1.000000 
ChildrenCount:1, 94 
Name:mixamorig:LeftHandMiddle1_$AssimpFbx$_Rotation i:94 p:93 ToParentTransform:1.000000 0.000000 -0.000000 0.000000 0.000000 1.000000 -0.000000 0.000000 -0.000000 -0.000000 1.000000 -0.000000 0.000000 0.000000 -0.000000 1.000000 OffetTransform:1.000000 0.000000 0.000000 0.000000 0.000000 1.000000 0.000000 0.000000 0.000000 0.000000 1.000000 0.000000 0.000000 0.000000 0.000000 1.000000 
ChildrenCount:1, 30 
Name:mixamorig:LeftHandMiddle2_$AssimpFbx$_Translation i:95 p:30 ToParentTransform:1.000000 0.000000 -0.000000 0.000000 0.000000 1.000000 -0.000000 0.000000 -0.000000 -0.000000 1.000000 -0.000000 0.022778 3.486525 -0.000000 1.000000 OffetTransform:1.000000 0.000000 0.000000 0.000000 0.000000 1.000000 0.000000 0.000000 0.000000 0.000000 1.000000 0.000000 0.000000 0.000000 0.000000 1.000000 
ChildrenCount:1, 96 
Name:mixamorig:LeftHandMiddle2_$AssimpFbx$_PreRotation i:96 p:95 ToParentTransform:1.000000 0.000000 -0.000000 0.000000 0.000000 0.989582 -0.143968 0.000000 -0.000000 0.143968 0.989582 -0.000000 0.000000 0.000000 -0.000000 1.000000 OffetTransform:1.000000 0.000000 0.000000 0.000000 0.000000 1.000000 0.000000 0.000000 0.000000 0.000000 1.000000 0.000000 0.000000 0.000000 0.000000 1.000000 
ChildrenCount:1, 97 
Name:mixamorig:LeftHandMiddle2_$AssimpFbx$_Rotation i:97 p:96 ToParentTransform:1.000000 0.000000 -0.000000 0.000000 0.000000 1.000000 -0.000000 0.000000 -0.000000 -0.000000 1.000000 -0.000000 0.000000 0.000000 -0.000000 1.000000 OffetTransform:1.000000 0.000000 0.000000 0.000000 0.000000 1.000000 0.000000 0.000000 0.000000 0.000000 1.000000 0.000000 0.000000 0.000000 0.000000 1.000000 
ChildrenCount:1, 31 
