BoneCount:211
Name:mixamorig:Hips i:0 p:52 ToParentTransform:1.000000 0.000000 -0.000000 0.000000 0.000000 1.000000 -0.000000 0.000000 -0.000000 -0.000000 1.000000 -0.000000 0.000000 0.953460 -0.005877 1.000000 OffetTransform:1.000000 0.000000 -0.000000 0.000000 0.000000 1.000000 -0.000000 0.000000 -0.000000 -0.000000 1.000000 -0.000000 0.000000 -0.952399 0.005877 1.000000 
ChildrenCount:3, 53 184 197 
Name:mixamorig:Spine i:1 p:55 ToParentTransform:1.000000 0.000000 -0.000000 0.000000 0.000000 1.000000 -0.000000 0.000000 -0.000000 -0.000000 1.000000 -0.000000 0.000000 0.000000 -0.000000 1.000000 OffetTransform:1.000000 0.000000 -0.000000 0.000000 0.000000 0.996192 -0.087185 0.000000 -0.000000 0.087185 0.996192 -0.000000 0.000000 -1.057389 0.088890 1.000000 
ChildrenCount:1, 2 
Name:mixamorig:Spine1 i:2 p:1 ToParentTransform:1.000000 0.000000 -0.000000 0.000000 0.000000 1.000000 -0.000000 0.000000 -0.000000 -0.000000 1.000000 -0.000000 0.000000 0.127316 -0.000000 1.000000 OffetTransform:1.000000 0.000000 -0.000000 0.000000 0.000000 0.996192 -0.087185 0.000000 -0.000000 0.087185 0.996192 -0.000000 0.000000 -1.184705 0.088890 1.000000 
ChildrenCount:1, 3 
Name:mixamorig:Spine2 i:3 p:2 ToParentTransform:1.000000 0.000000 -0.000000 0.000000 0.000000 1.000000 -0.000000 0.000000 -0.000000 -0.000000 1.000000 -0.000000 0.000000 0.145504 0.000000 1.000000 OffetTransform:1.000000 0.000000 -0.000000 0.000000 0.000000 0.996192 -0.087185 0.000000 -0.000000 0.087185 0.996192 -0.000000 0.000000 -1.330209 0.088890 1.000000 
ChildrenCount:3, 56 60 122 
Name:mixamorig:Neck i:4 p:58 ToParentTransform:1.000000 0.000000 -0.000000 0.000000 0.000000 1.000000 -0.000000 0.000000 -0.000000 -0.000000 1.000000 -0.000000 0.000000 0.000000 -0.000000 1.000000 OffetTransform:1.000000 0.000000 -0.000000 0.000000 0.000000 1.000000 0.000000 0.000000 -0.000000 -0.000000 1.000000 -0.000000 0.000000 -1.495963 -0.041695 1.000000 
ChildrenCount:1, 5 
Name:mixamorig:Head i:5 p:4 ToParentTransform:1.000000 0.000000 -0.000000 0.000000 0.000000 1.000000 -0.000000 0.000000 -0.000000 -0.000000 1.000000 -0.000000 0.000000 0.061167 -0.024233 1.000000 OffetTransform:1.000000 0.000000 -0.000000 0.000000 0.000000 1.000000 0.000000 0.000000 -0.000000 -0.000000 1.000000 -0.000000 0.000000 -1.557130 -0.017462 1.000000 
ChildrenCount:1, 59 
Name:mixamorig:LeftShoulder i:6 p:62 ToParentTransform:1.000000 0.000000 -0.000000 0.000000 0.000000 1.000000 -0.000000 0.000000 -0.000000 -0.000000 1.000000 -0.000000 0.000000 0.000000 -0.000000 1.000000 OffetTransform:-0.040610 0.968333 0.246338 0.000000 -0.089342 -0.249073 0.964355 0.000000 0.995173 0.017154 0.096628 -0.000000 0.091793 0.292277 -1.445169 1.000000 
ChildrenCount:1, 63 
Name:mixamorig:LeftArm i:7 p:65 ToParentTransform:1.000000 0.000000 -0.000000 0.000000 0.000000 1.000000 -0.000000 0.000000 -0.000000 -0.000000 1.000000 -0.000000 0.000000 0.000000 -0.000000 1.000000 OffetTransform:0.001943 0.993489 0.113908 0.000000 -0.100192 -0.113142 0.988514 0.000000 0.994966 -0.013333 0.099319 -0.000000 0.096331 -0.030935 -1.436867 1.000000 
ChildrenCount:1, 66 
Name:mixamorig:LeftForeArm i:8 p:68 ToParentTransform:1.000000 0.000000 -0.000000 0.000000 0.000000 1.000000 -0.000000 0.000000 -0.000000 -0.000000 1.000000 -0.000000 0.000000 0.000000 -0.000000 1.000000 OffetTransform:0.026847 0.995987 0.085374 0.000000 -0.102996 -0.082194 0.991280 0.000000 0.994319 -0.035406 0.100376 -0.000000 0.089364 -0.324007 -1.437246 1.000000 
ChildrenCount:1, 69 
Name:mixamorig:LeftHand i:9 p:71 ToParentTransform:1.000000 0.000000 -0.000000 0.000000 0.000000 1.000000 -0.000000 0.000000 -0.000000 -0.000000 1.000000 -0.000000 0.000000 0.000000 -0.000000 1.000000 OffetTransform:0.113152 0.981742 0.152902 0.000000 0.106177 -0.164957 0.980569 0.000000 0.987888 -0.094719 -0.122904 -0.000000 -0.260071 -0.445409 -1.461144 1.000000 
ChildrenCount:5, 72 82 92 102 112 
Name:mixamorig:LeftHandPinky1 i:10 p:114 ToParentTransform:1.000000 0.000000 -0.000000 0.000000 0.000000 1.000000 -0.000000 0.000000 -0.000000 -0.000000 1.000000 -0.000000 0.000000 0.000000 -0.000000 1.000000 OffetTransform:0.007437 0.966398 0.256942 0.000000 0.123221 -0.255876 0.958824 0.000000 0.992351 0.024530 -0.120984 -0.000000 -0.233181 -0.410131 -1.514341 1.000000 
ChildrenCount:1, 115 
Name:mixamorig:RightShoulder i:11 p:124 ToParentTransform:1.000000 0.000000 -0.000000 0.000000 0.000000 1.000000 -0.000000 0.000000 -0.000000 -0.000000 1.000000 -0.000000 0.000000 0.000000 -0.000000 1.000000 OffetTransform:-0.004638 -0.968333 -0.249619 0.000000 0.086643 -0.249072 0.964602 0.000000 -0.996229 -0.017154 0.085055 -0.000000 -0.088166 0.293706 -1.445014 1.000000 
ChildrenCount:1, 125 
Name:mixamorig:RightArm i:12 p:127 ToParentTransform:1.000000 0.000000 -0.000000 0.000000 0.000000 1.000000 -0.000000 0.000000 -0.000000 -0.000000 1.000000 -0.000000 0.000000 0.000000 -0.000000 1.000000 OffetTransform:-0.047804 -0.992819 -0.109663 0.000000 0.075453 -0.113064 0.990719 0.000000 -0.996003 0.039086 0.080316 -0.000000 -0.070654 -0.033350 -1.438305 1.000000 
ChildrenCount:1, 128 
Name:mixamorig:RightForeArm i:13 p:130 ToParentTransform:1.000000 0.000000 -0.000000 0.000000 0.000000 1.000000 -0.000000 0.000000 -0.000000 -0.000000 1.000000 -0.000000 0.000000 0.000000 -0.000000 1.000000 OffetTransform:0.030594 -0.995910 -0.085015 0.000000 0.084130 -0.082187 0.993060 0.000000 -0.995985 -0.037534 0.081271 -0.000000 -0.060705 -0.323875 -1.438783 1.000000 
ChildrenCount:1, 131 
Name:mixamorig:RightHand i:14 p:133 ToParentTransform:1.000000 0.000000 -0.000000 0.000000 0.000000 1.000000 -0.000000 0.000000 -0.000000 -0.000000 1.000000 -0.000000 0.000000 0.000000 -0.000000 1.000000 OffetTransform:0.112986 -0.980137 -0.162990 0.000000 -0.081916 -0.172671 0.981567 0.000000 -0.990214 -0.097552 -0.099798 -0.000000 0.226241 -0.433517 -1.470319 1.000000 
ChildrenCount:5, 134 144 154 164 174 
Name:mixamorig:RightHandPinky1 i:15 p:176 ToParentTransform:1.000000 0.000000 -0.000000 0.000000 0.000000 1.000000 -0.000000 0.000000 -0.000000 -0.000000 1.000000 -0.000000 0.000000 0.000000 -0.000000 1.000000 OffetTransform:-0.061729 -0.967938 -0.243487 0.000000 -0.111098 -0.235773 0.965437 0.000000 -0.991890 0.086646 -0.092982 -0.000000 0.160155 -0.437899 -1.513244 1.000000 
ChildrenCount:1, 177 
Name:mixamorig:LeftUpLeg i:16 p:186 ToParentTransform:1.000000 0.000000 -0.000000 0.000000 0.000000 1.000000 -0.000000 0.000000 -0.000000 -0.000000 1.000000 -0.000000 0.000000 0.000000 -0.000000 1.000000 OffetTransform:-1.000000 -0.000000 0.000000 0.000000 0.000000 -0.999927 0.012085 0.000000 -0.000000 0.012085 0.999927 -0.000000 0.134003 0.891922 -0.012170 1.000000 
ChildrenCount:1, 187 
Name:mixamorig:LeftLeg i:17 p:189 ToParentTransform:1.000000 0.000000 -0.000000 0.000000 0.000000 1.000000 -0.000000 0.000000 -0.000000 -0.000000 1.000000 -0.000000 0.000000 0.000000 -0.000000 1.000000 OffetTransform:-0.999186 0.040249 -0.002722 0.000000 -0.040338 -0.996021 0.079462 0.000000 0.000488 0.079507 0.996834 -0.000000 0.153309 0.473572 -0.044220 1.000000 
ChildrenCount:1, 190 
Name:mixamorig:LeftFoot i:18 p:192 ToParentTransform:1.000000 0.000000 -0.000000 0.000000 0.000000 1.000000 -0.000000 0.000000 -0.000000 -0.000000 1.000000 -0.000000 0.000000 0.000000 -0.000000 1.000000 OffetTransform:-0.997923 0.064107 0.006242 0.000000 -0.044075 -0.608995 -0.791949 0.000000 -0.046968 -0.790579 0.610555 -0.000000 0.155240 0.089197 0.069265 1.000000 
ChildrenCount:1, 193 
Name:mixamorig:LeftToeBase i:19 p:195 ToParentTransform:1.000000 0.000000 -0.000000 0.000000 0.000000 1.000000 -0.000000 0.000000 -0.000000 -0.000000 1.000000 -0.000000 0.000000 0.000000 -0.000000 1.000000 OffetTransform:-0.997722 0.063486 0.022801 0.000000 -0.022449 0.006246 -0.999729 0.000000 -0.063611 -0.997963 -0.004807 -0.000000 0.153292 -0.115270 0.003407 1.000000 
ChildrenCount:1, 196 
Name:mixamorig:RightUpLeg i:20 p:199 ToParentTransform:1.000000 0.000000 -0.000000 0.000000 0.000000 1.000000 -0.000000 0.000000 -0.000000 -0.000000 1.000000 -0.000000 0.000000 0.000000 -0.000000 1.000000 OffetTransform:-1.000000 -0.000000 0.000000 0.000000 0.000000 -0.999920 0.012655 0.000000 -0.000000 0.012655 0.999920 -0.000000 -0.134003 0.891906 -0.013383 1.000000 
ChildrenCount:1, 200 
Name:mixamorig:RightLeg i:21 p:202 ToParentTransform:1.000000 0.000000 -0.000000 0.000000 0.000000 1.000000 -0.000000 0.000000 -0.000000 -0.000000 1.000000 -0.000000 0.000000 0.000000 -0.000000 1.000000 OffetTransform:-0.999186 -0.040263 0.002513 0.000000 0.040339 -0.996377 0.074872 0.000000 -0.000511 0.074912 0.997190 -0.000000 -0.153308 0.473700 -0.042976 1.000000 
ChildrenCount:1, 203 
Name:mixamorig:RightFoot i:22 p:205 ToParentTransform:1.000000 0.000000 -0.000000 0.000000 0.000000 1.000000 -0.000000 0.000000 -0.000000 -0.000000 1.000000 -0.000000 0.000000 0.000000 -0.000000 1.000000 OffetTransform:-0.997933 -0.058461 0.026672 0.000000 0.014389 -0.607835 -0.793933 0.000000 0.062627 -0.791909 0.607420 -0.000000 -0.152306 0.089350 0.074963 1.000000 
ChildrenCount:1, 206 
Name:mixamorig:RightToeBase i:23 p:208 ToParentTransform:1.000000 0.000000 -0.000000 0.000000 0.000000 1.000000 -0.000000 0.000000 -0.000000 -0.000000 1.000000 -0.000000 0.000000 0.000000 -0.000000 1.000000 OffetTransform:-0.996877 -0.078729 0.006139 0.000000 -0.006639 0.006086 -0.999959 0.000000 0.078689 -0.996877 -0.006589 -0.000000 -0.150268 -0.118832 0.007801 1.000000 
ChildrenCount:1, 209 
Name:mixamorig:LeftHandThumb1 i:24 p:74 ToParentTransform:1.000000 0.000000 -0.000000 0.000000 0.000000 1.000000 -0.000000 0.000000 -0.000000 -0.000000 1.000000 -0.000000 0.000000 0.000000 -0.000000 1.000000 OffetTransform:0.592250 0.732350 0.336010 0.000000 0.008636 -0.422759 0.906201 0.000000 0.805708 -0.533796 -0.256704 -0.000000 -0.440002 0.054609 -1.479666 1.000000 
ChildrenCount:1, 75 
Name:mixamorig:LeftHandThumb2 i:25 p:77 ToParentTransform:1.000000 0.000000 -0.000000 0.000000 0.000000 1.000000 -0.000000 0.000000 -0.000000 -0.000000 1.000000 -0.000000 0.000000 0.000000 -0.000000 1.000000 OffetTransform:0.592250 0.651604 0.473974 0.000000 0.008636 -0.593337 0.804908 0.000000 0.805708 -0.472614 -0.357031 -0.000000 -0.432786 0.310295 -1.446884 1.000000 
ChildrenCount:1, 78 
Name:mixamorig:LeftHandThumb3 i:26 p:80 ToParentTransform:1.000000 0.000000 -0.000000 0.000000 0.000000 1.000000 -0.000000 0.000000 -0.000000 -0.000000 1.000000 -0.000000 0.000000 0.000000 -0.000000 1.000000 OffetTransform:0.592250 0.758419 0.272103 0.000000 0.008636 -0.343655 0.939056 0.000000 0.805708 -0.553806 -0.210080 -0.000000 -0.433103 -0.143360 -1.465531 1.000000 
ChildrenCount:1, 81 
Name:mixamorig:LeftHandIndex1 i:27 p:84 ToParentTransform:1.000000 0.000000 -0.000000 0.000000 0.000000 1.000000 -0.000000 0.000000 -0.000000 -0.000000 1.000000 -0.000000 0.000000 0.000000 -0.000000 1.000000 OffetTransform:0.212183 0.969952 0.119044 0.000000 0.088892 -0.140470 0.986086 0.000000 0.973179 -0.198649 -0.116026 -0.000000 -0.279192 -0.573447 -1.441132 1.000000 
ChildrenCount:1, 85 
Name:mixamorig:LeftHandIndex2 i:28 p:87 ToParentTransform:1.000000 0.000000 -0.000000 0.000000 0.000000 1.000000 -0.000000 0.000000 -0.000000 -0.000000 1.000000 -0.000000 0.000000 0.000000 -0.000000 1.000000 OffetTransform:0.212183 0.928348 0.305202 0.000000 0.088892 -0.329354 0.940013 0.000000 0.973179 -0.172325 -0.152406 -0.000000 -0.279551 -0.315318 -1.531564 1.000000 
ChildrenCount:1, 88 
Name:mixamorig:LeftHandIndex3 i:29 p:90 ToParentTransform:1.000000 0.000000 -0.000000 0.000000 0.000000 1.000000 -0.000000 0.000000 -0.000000 -0.000000 1.000000 -0.000000 0.000000 0.000000 -0.000000 1.000000 OffetTransform:0.212183 0.921171 0.326223 0.000000 0.088892 -0.350634 0.932284 0.000000 0.973179 -0.168817 -0.156283 -0.000000 -0.279380 -0.313546 -1.539088 1.000000 
ChildrenCount:1, 91 
Name:mixamorig:LeftHandMiddle1 i:30 p:94 ToParentTransform:1.000000 0.000000 -0.000000 0.000000 0.000000 1.000000 -0.000000 0.000000 -0.000000 -0.000000 1.000000 -0.000000 0.000000 0.000000 -0.000000 1.000000 OffetTransform:0.098587 0.982249 0.159588 0.000000 0.108611 -0.170032 0.979435 0.000000 0.989184 -0.079227 -0.123446 -0.000000 -0.241561 -0.549749 -1.465638 1.000000 
ChildrenCount:1, 95 
Name:mixamorig:LeftHandMiddle2 i:31 p:97 ToParentTransform:1.000000 0.000000 -0.000000 0.000000 0.000000 1.000000 -0.000000 0.000000 -0.000000 -0.000000 1.000000 -0.000000 0.000000 0.000000 -0.000000 1.000000 OffetTransform:0.098587 0.949040 0.299338 0.000000 0.108611 -0.309268 0.944753 0.000000 0.989184 -0.060629 -0.133566 -0.000000 -0.241789 -0.367519 -1.534536 1.000000 
ChildrenCount:1, 98 
Name:mixamorig:LeftHandMiddle3 i:32 p:100 ToParentTransform:1.000000 0.000000 -0.000000 0.000000 0.000000 1.000000 -0.000000 0.000000 -0.000000 -0.000000 1.000000 -0.000000 0.000000 0.000000 -0.000000 1.000000 OffetTransform:0.098587 0.946153 0.308343 0.000000 0.108611 -0.318232 0.941771 0.000000 0.989184 -0.059357 -0.134136 -0.000000 -0.241675 -0.386255 -1.538276 1.000000 
ChildrenCount:1, 101 
Name:mixamorig:LeftHandRing1 i:33 p:104 ToParentTransform:1.000000 0.000000 -0.000000 0.000000 0.000000 1.000000 -0.000000 0.000000 -0.000000 -0.000000 1.000000 -0.000000 0.000000 0.000000 -0.000000 1.000000 OffetTransform:0.056119 0.955327 0.290175 0.000000 0.115550 -0.294895 0.948517 0.000000 0.991715 -0.019700 -0.126937 -0.000000 -0.240242 -0.362134 -1.528671 1.000000 
ChildrenCount:1, 105 
Name:mixamorig:LeftHandRing2 i:34 p:107 ToParentTransform:1.000000 0.000000 -0.000000 0.000000 0.000000 1.000000 -0.000000 0.000000 -0.000000 -0.000000 1.000000 -0.000000 0.000000 0.000000 -0.000000 1.000000 OffetTransform:0.056119 0.949165 0.309736 0.000000 0.115550 -0.314314 0.942260 0.000000 0.991715 -0.017088 -0.127315 -0.000000 -0.240167 -0.358143 -1.536351 1.000000 
ChildrenCount:1, 108 
Name:mixamorig:LeftHandRing3 i:35 p:110 ToParentTransform:1.000000 0.000000 -0.000000 0.000000 0.000000 1.000000 -0.000000 0.000000 -0.000000 -0.000000 1.000000 -0.000000 0.000000 0.000000 -0.000000 1.000000 OffetTransform:0.056119 0.990188 0.127975 0.000000 0.115550 -0.133757 0.984255 0.000000 0.991715 -0.040447 -0.121923 -0.000000 -0.240059 -0.663619 -1.438086 1.000000 
ChildrenCount:1, 111 
Name:mixamorig:LeftHandPinky2 i:36 p:117 ToParentTransform:1.000000 0.000000 -0.000000 0.000000 0.000000 1.000000 -0.000000 0.000000 -0.000000 -0.000000 1.000000 -0.000000 0.000000 0.000000 -0.000000 1.000000 OffetTransform:0.007437 0.899215 0.437443 0.000000 0.123221 -0.434946 0.891986 0.000000 0.992351 0.047268 -0.114037 -0.000000 -0.233240 -0.139229 -1.570156 1.000000 
ChildrenCount:1, 118 
Name:mixamorig:LeftHandPinky3 i:37 p:120 ToParentTransform:1.000000 0.000000 -0.000000 0.000000 0.000000 1.000000 -0.000000 0.000000 -0.000000 -0.000000 1.000000 -0.000000 0.000000 0.000000 -0.000000 1.000000 OffetTransform:0.007437 0.991515 0.129777 0.000000 0.123221 -0.129700 0.983867 0.000000 0.992351 0.008674 -0.123140 -0.000000 -0.233009 -0.653599 -1.437072 1.000000 
ChildrenCount:1, 121 
Name:mixamorig:RightHandThumb1 i:38 p:136 ToParentTransform:1.000000 0.000000 -0.000000 0.000000 0.000000 1.000000 -0.000000 0.000000 -0.000000 -0.000000 1.000000 -0.000000 0.000000 0.000000 -0.000000 1.000000 OffetTransform:0.586262 -0.720387 -0.370593 0.000000 0.014996 -0.447724 0.894046 0.000000 -0.809983 -0.529703 -0.251681 -0.000000 0.402513 0.096344 -1.486889 1.000000 
ChildrenCount:1, 137 
Name:mixamorig:RightHandThumb2 i:39 p:139 ToParentTransform:1.000000 0.000000 -0.000000 0.000000 0.000000 1.000000 -0.000000 0.000000 -0.000000 -0.000000 1.000000 -0.000000 0.000000 0.000000 -0.000000 1.000000 OffetTransform:0.586262 -0.670170 -0.455158 0.000000 0.014996 -0.552765 0.833202 0.000000 -0.809983 -0.495300 -0.314015 -0.000000 0.394811 0.239293 -1.468715 1.000000 
ChildrenCount:1, 140 
Name:mixamorig:RightHandThumb3 i:40 p:142 ToParentTransform:1.000000 0.000000 -0.000000 0.000000 0.000000 1.000000 -0.000000 0.000000 -0.000000 -0.000000 1.000000 -0.000000 0.000000 0.000000 -0.000000 1.000000 OffetTransform:0.586262 -0.769300 -0.253918 0.000000 0.014996 -0.303072 0.952850 0.000000 -0.809983 -0.562427 -0.166143 -0.000000 0.396974 -0.207046 -1.468226 1.000000 
ChildrenCount:1, 143 
Name:mixamorig:RightHandIndex1 i:41 p:146 ToParentTransform:1.000000 0.000000 -0.000000 0.000000 0.000000 1.000000 -0.000000 0.000000 -0.000000 -0.000000 1.000000 -0.000000 0.000000 0.000000 -0.000000 1.000000 OffetTransform:0.205786 -0.966767 -0.151703 0.000000 -0.065105 -0.168203 0.983600 0.000000 -0.976429 -0.192534 -0.097555 -0.000000 0.241787 -0.536750 -1.463616 1.000000 
ChildrenCount:1, 147 
Name:mixamorig:RightHandIndex2 i:42 p:149 ToParentTransform:1.000000 0.000000 -0.000000 0.000000 0.000000 1.000000 -0.000000 0.000000 -0.000000 -0.000000 1.000000 -0.000000 0.000000 0.000000 -0.000000 1.000000 OffetTransform:0.205786 -0.927911 -0.310860 0.000000 -0.065105 -0.329937 0.941755 0.000000 -0.976429 -0.173561 -0.128308 -0.000000 0.242028 -0.318248 -1.538265 1.000000 
ChildrenCount:1, 150 
Name:mixamorig:RightHandIndex3 i:43 p:152 ToParentTransform:1.000000 0.000000 -0.000000 0.000000 0.000000 1.000000 -0.000000 0.000000 -0.000000 -0.000000 1.000000 -0.000000 0.000000 0.000000 -0.000000 1.000000 OffetTransform:0.205786 -0.909095 -0.362213 0.000000 -0.065105 -0.382033 0.921853 0.000000 -0.976429 -0.166122 -0.137804 -0.000000 0.241944 -0.263287 -1.555402 1.000000 
ChildrenCount:1, 153 
Name:mixamorig:RightHandMiddle1 i:44 p:156 ToParentTransform:1.000000 0.000000 -0.000000 0.000000 0.000000 1.000000 -0.000000 0.000000 -0.000000 -0.000000 1.000000 -0.000000 0.000000 0.000000 -0.000000 1.000000 OffetTransform:0.121642 -0.978556 -0.166231 0.000000 -0.080387 -0.176637 0.980988 0.000000 -0.989314 -0.105966 -0.100150 -0.000000 0.222520 -0.546246 -1.473954 1.000000 
ChildrenCount:1, 157 
Name:mixamorig:RightHandMiddle2 i:45 p:159 ToParentTransform:1.000000 0.000000 -0.000000 0.000000 0.000000 1.000000 -0.000000 0.000000 -0.000000 -0.000000 1.000000 -0.000000 0.000000 0.000000 -0.000000 1.000000 OffetTransform:0.121642 -0.941219 -0.315134 0.000000 -0.080387 -0.325791 0.942018 0.000000 -0.989314 -0.089256 -0.115292 -0.000000 0.222525 -0.342767 -1.545290 1.000000 
ChildrenCount:1, 160 
Name:mixamorig:RightHandMiddle3 i:46 p:162 ToParentTransform:1.000000 0.000000 -0.000000 0.000000 0.000000 1.000000 -0.000000 0.000000 -0.000000 -0.000000 1.000000 -0.000000 0.000000 0.000000 -0.000000 1.000000 OffetTransform:0.121642 -0.991754 0.040352 0.000000 -0.080387 0.030677 0.996292 0.000000 -0.989314 -0.124434 -0.075993 -0.000000 0.222273 -0.900023 -1.310850 1.000000 
ChildrenCount:1, 163 
Name:mixamorig:RightHandRing1 i:47 p:166 ToParentTransform:1.000000 0.000000 -0.000000 0.000000 0.000000 1.000000 -0.000000 0.000000 -0.000000 -0.000000 1.000000 -0.000000 0.000000 0.000000 -0.000000 1.000000 OffetTransform:0.049980 -0.972660 -0.226794 0.000000 -0.092807 -0.230618 0.968608 0.000000 -0.994429 -0.027363 -0.101796 -0.000000 0.203278 -0.474853 -1.503558 1.000000 
ChildrenCount:1, 167 
Name:mixamorig:RightHandRing2 i:48 p:169 ToParentTransform:1.000000 0.000000 -0.000000 0.000000 0.000000 1.000000 -0.000000 0.000000 -0.000000 -0.000000 1.000000 -0.000000 0.000000 0.000000 -0.000000 1.000000 OffetTransform:0.049980 -0.961983 -0.268496 0.000000 -0.092807 -0.272142 0.957771 0.000000 -0.994429 -0.022951 -0.102880 -0.000000 0.203247 -0.434733 -1.523706 1.000000 
ChildrenCount:1, 170 
Name:mixamorig:RightHandRing3 i:49 p:172 ToParentTransform:1.000000 0.000000 -0.000000 0.000000 0.000000 1.000000 -0.000000 0.000000 -0.000000 -0.000000 1.000000 -0.000000 0.000000 0.000000 -0.000000 1.000000 OffetTransform:0.049980 -0.997489 -0.050169 0.000000 -0.092807 -0.054653 0.994183 0.000000 -0.994429 -0.045033 -0.095305 -0.000000 0.203169 -0.782348 -1.385483 1.000000 
ChildrenCount:1, 173 
Name:mixamorig:RightHandPinky2 i:50 p:179 ToParentTransform:1.000000 0.000000 -0.000000 0.000000 0.000000 1.000000 -0.000000 0.000000 -0.000000 -0.000000 1.000000 -0.000000 0.000000 0.000000 -0.000000 1.000000 OffetTransform:-0.061729 -0.920892 -0.384900 0.000000 -0.111098 -0.376899 0.919568 0.000000 -0.991890 0.099526 -0.079044 -0.000000 0.160186 -0.237211 -1.566023 1.000000 
ChildrenCount:1, 180 
Name:mixamorig:RightHandPinky3 i:51 p:182 ToParentTransform:1.000000 0.000000 -0.000000 0.000000 0.000000 1.000000 -0.000000 0.000000 -0.000000 -0.000000 1.000000 -0.000000 0.000000 0.000000 -0.000000 1.000000 OffetTransform:-0.061729 -0.985993 -0.154940 0.000000 -0.111098 -0.147484 0.982805 0.000000 -0.991890 0.077881 -0.100438 -0.000000 0.160065 -0.627697 -1.458617 1.000000 
ChildrenCount:1, 183 
Name:RootNode i:52 p:-1 ToParentTransform:1.000000 0.000000 -0.000000 0.000000 0.000000 1.000000 -0.000000 0.000000 -0.000000 -0.000000 1.000000 -0.000000 0.000000 0.000000 -0.000000 1.000000 OffetTransform:1.000000 0.000000 0.000000 0.000000 0.000000 1.000000 0.000000 0.000000 0.000000 0.000000 1.000000 0.000000 0.000000 0.000000 0.000000 1.000000 
ChildrenCount:2, 0 210 
Name:mixamorig:Spine_$AssimpFbx$_Translation i:53 p:0 ToParentTransform:1.000000 0.000000 -0.000000 0.000000 0.000000 1.000000 -0.000000 0.000000 -0.000000 -0.000000 1.000000 -0.000000 0.000000 0.108713 0.009514 1.000000 OffetTransform:1.000000 0.000000 0.000000 0.000000 0.000000 1.000000 0.000000 0.000000 0.000000 0.000000 1.000000 0.000000 0.000000 0.000000 0.000000 1.000000 
ChildrenCount:1, 54 
Name:mixamorig:Spine_$AssimpFbx$_PreRotation i:54 p:53 ToParentTransform:1.000000 0.000000 -0.000000 0.000000 0.000000 0.996192 0.087185 0.000000 -0.000000 -0.087185 0.996192 -0.000000 0.000000 0.000000 -0.000000 1.000000 OffetTransform:1.000000 0.000000 0.000000 0.000000 0.000000 1.000000 0.000000 0.000000 0.000000 0.000000 1.000000 0.000000 0.000000 0.000000 0.000000 1.000000 
ChildrenCount:1, 55 
Name:mixamorig:Spine_$AssimpFbx$_Rotation i:55 p:54 ToParentTransform:1.000000 0.000000 -0.000000 0.000000 0.000000 1.000000 -0.000000 0.000000 -0.000000 -0.000000 1.000000 -0.000000 0.000000 0.000000 -0.000000 1.000000 OffetTransform:1.000000 0.000000 0.000000 0.000000 0.000000 1.000000 0.000000 0.000000 0.000000 0.000000 1.000000 0.000000 0.000000 0.000000 0.000000 1.000000 
ChildrenCount:1, 1 
Name:mixamorig:Neck_$AssimpFbx$_Translation i:56 p:3 ToParentTransform:1.000000 0.000000 -0.000000 0.000000 0.000000 1.000000 -0.000000 0.000000 -0.000000 -0.000000 1.000000 -0.000000 0.000000 0.163692 0.000000 1.000000 OffetTransform:1.000000 0.000000 0.000000 0.000000 0.000000 1.000000 0.000000 0.000000 0.000000 0.000000 1.000000 0.000000 0.000000 0.000000 0.000000 1.000000 
ChildrenCount:1, 57 
Name:mixamorig:Neck_$AssimpFbx$_PreRotation i:57 p:56 ToParentTransform:1.000000 0.000000 -0.000000 0.000000 0.000000 0.996192 -0.087185 0.000000 -0.000000 0.087185 0.996192 -0.000000 0.000000 0.000000 -0.000000 1.000000 OffetTransform:1.000000 0.000000 0.000000 0.000000 0.000000 1.000000 0.000000 0.000000 0.000000 0.000000 1.000000 0.000000 0.000000 0.000000 0.000000 1.000000 
ChildrenCount:1, 58 
Name:mixamorig:Neck_$AssimpFbx$_Rotation i:58 p:57 ToParentTransform:1.000000 0.000000 -0.000000 0.000000 0.000000 1.000000 -0.000000 0.000000 -0.000000 -0.000000 1.000000 -0.000000 0.000000 0.000000 -0.000000 1.000000 OffetTransform:1.000000 0.000000 0.000000 0.000000 0.000000 1.000000 0.000000 0.000000 0.000000 0.000000 1.000000 0.000000 0.000000 0.000000 0.000000 1.000000 
ChildrenCount:1, 4 
Name:mixamorig:HeadTop_End i:59 p:5 ToParentTransform:1.000000 0.000000 -0.000000 0.000000 0.000000 1.000000 -0.000000 0.000000 -0.000000 -0.000000 1.000000 -0.000000 0.000000 0.237128 -0.093945 1.000000 OffetTransform:1.000000 0.000000 0.000000 0.000000 0.000000 1.000000 0.000000 0.000000 0.000000 0.000000 1.000000 0.000000 0.000000 0.000000 0.000000 1.000000 
ChildrenCount:0, 
Name:mixamorig:LeftShoulder_$AssimpFbx$_Translation i:60 p:3 ToParentTransform:1.000000 0.000000 -0.000000 0.000000 0.000000 1.000000 -0.000000 0.000000 -0.000000 -0.000000 1.000000 -0.000000 0.076706 0.142604 0.003437 1.000000 OffetTransform:1.000000 0.000000 0.000000 0.000000 0.000000 1.000000 0.000000 0.000000 0.000000 0.000000 1.000000 0.000000 0.000000 0.000000 0.000000 1.000000 
ChildrenCount:1, 61 
Name:mixamorig:LeftShoulder_$AssimpFbx$_PreRotation i:61 p:60 ToParentTransform:-0.040610 -0.002238 0.999173 0.000000 0.968333 -0.246628 0.038804 0.000000 0.246338 0.969108 0.012182 -0.000000 0.000000 0.000000 -0.000000 1.000000 OffetTransform:1.000000 0.000000 0.000000 0.000000 0.000000 1.000000 0.000000 0.000000 0.000000 0.000000 1.000000 0.000000 0.000000 0.000000 0.000000 1.000000 
ChildrenCount:1, 62 
Name:mixamorig:LeftShoulder_$AssimpFbx$_Rotation i:62 p:61 ToParentTransform:1.000000 0.000000 -0.000000 0.000000 0.000000 1.000000 -0.000000 0.000000 -0.000000 -0.000000 1.000000 -0.000000 0.000000 0.000000 -0.000000 1.000000 OffetTransform:1.000000 0.000000 0.000000 0.000000 0.000000 1.000000 0.000000 0.000000 0.000000 0.000000 1.000000 0.000000 0.000000 0.000000 0.000000 1.000000 
ChildrenCount:1, 6 
Name:mixamorig:LeftArm_$AssimpFbx$_Translation i:63 p:6 ToParentTransform:1.000000 0.000000 -0.000000 0.000000 0.000000 1.000000 -0.000000 0.000000 -0.000000 -0.000000 1.000000 -0.000000 0.002684 0.125835 -0.017170 1.000000 OffetTransform:1.000000 0.000000 0.000000 0.000000 0.000000 1.000000 0.000000 0.000000 0.000000 0.000000 1.000000 0.000000 0.000000 0.000000 0.000000 1.000000 
ChildrenCount:1, 64 
Name:mixamorig:LeftArm_$AssimpFbx$_PreRotation i:64 p:63 ToParentTransform:0.999036 0.043904 -0.000000 0.000000 -0.043506 0.989980 0.134337 0.000000 0.005898 -0.134207 0.990936 -0.000000 0.000000 0.000000 -0.000000 1.000000 OffetTransform:1.000000 0.000000 0.000000 0.000000 0.000000 1.000000 0.000000 0.000000 0.000000 0.000000 1.000000 0.000000 0.000000 0.000000 0.000000 1.000000 
ChildrenCount:1, 65 
Name:mixamorig:LeftArm_$AssimpFbx$_Rotation i:65 p:64 ToParentTransform:1.000000 0.000000 -0.000000 0.000000 0.000000 1.000000 -0.000000 0.000000 -0.000000 -0.000000 1.000000 -0.000000 0.000000 0.000000 -0.000000 1.000000 OffetTransform:1.000000 0.000000 0.000000 0.000000 0.000000 1.000000 0.000000 0.000000 0.000000 0.000000 1.000000 0.000000 0.000000 0.000000 0.000000 1.000000 
ChildrenCount:1, 7 
Name:mixamorig:LeftForeArm_$AssimpFbx$_Translation i:66 p:7 ToParentTransform:1.000000 0.000000 -0.000000 0.000000 0.000000 1.000000 -0.000000 0.000000 -0.000000 -0.000000 1.000000 -0.000000 -0.000091 0.249383 0.009081 1.000000 OffetTransform:1.000000 0.000000 0.000000 0.000000 0.000000 1.000000 0.000000 0.000000 0.000000 0.000000 1.000000 0.000000 0.000000 0.000000 0.000000 1.000000 
ChildrenCount:1, 67 
Name:mixamorig:LeftForeArm_$AssimpFbx$_PreRotation i:67 p:66 ToParentTransform:0.999686 0.025068 -0.000000 0.000000 -0.025058 0.999274 0.028684 0.000000 0.000719 -0.028675 0.999589 -0.000000 0.000000 0.000000 -0.000000 1.000000 OffetTransform:1.000000 0.000000 0.000000 0.000000 0.000000 1.000000 0.000000 0.000000 0.000000 0.000000 1.000000 0.000000 0.000000 0.000000 0.000000 1.000000 
ChildrenCount:1, 68 
Name:mixamorig:LeftForeArm_$AssimpFbx$_Rotation i:68 p:67 ToParentTransform:1.000000 0.000000 -0.000000 0.000000 0.000000 1.000000 -0.000000 0.000000 -0.000000 -0.000000 1.000000 -0.000000 0.000000 0.000000 -0.000000 1.000000 OffetTransform:1.000000 0.000000 0.000000 0.000000 0.000000 1.000000 0.000000 0.000000 0.000000 0.000000 1.000000 0.000000 0.000000 0.000000 0.000000 1.000000 
ChildrenCount:1, 8 
Name:mixamorig:LeftHand_$AssimpFbx$_Translation i:69 p:8 ToParentTransform:1.000000 0.000000 -0.000000 0.000000 0.000000 1.000000 -0.000000 0.000000 -0.000000 -0.000000 1.000000 -0.000000 0.000000 0.248100 0.000000 1.000000 OffetTransform:1.000000 0.000000 0.000000 0.000000 0.000000 1.000000 0.000000 0.000000 0.000000 0.000000 1.000000 0.000000 0.000000 0.000000 0.000000 1.000000 
ChildrenCount:1, 70 
Name:mixamorig:LeftHand_$AssimpFbx$_PreRotation i:70 p:69 ToParentTransform:0.974378 0.068993 0.214072 0.000000 -0.050833 0.994715 -0.089210 0.000000 -0.219096 0.076043 0.972736 -0.000000 0.000000 0.000000 -0.000000 1.000000 OffetTransform:1.000000 0.000000 0.000000 0.000000 0.000000 1.000000 0.000000 0.000000 0.000000 0.000000 1.000000 0.000000 0.000000 0.000000 0.000000 1.000000 
ChildrenCount:1, 71 
Name:mixamorig:LeftHand_$AssimpFbx$_Rotation i:71 p:70 ToParentTransform:1.000000 0.000000 -0.000000 0.000000 0.000000 1.000000 -0.000000 0.000000 -0.000000 -0.000000 1.000000 -0.000000 0.000000 0.000000 -0.000000 1.000000 OffetTransform:1.000000 0.000000 0.000000 0.000000 0.000000 1.000000 0.000000 0.000000 0.000000 0.000000 1.000000 0.000000 0.000000 0.000000 0.000000 1.000000 
ChildrenCount:1, 9 
Name:mixamorig:LeftHandThumb1_$AssimpFbx$_Translation i:72 p:9 ToParentTransform:1.000000 0.000000 -0.000000 0.000000 0.000000 1.000000 -0.000000 0.000000 -0.000000 -0.000000 1.000000 -0.000000 -0.029847 0.033283 -0.010680 1.000000 OffetTransform:1.000000 0.000000 0.000000 0.000000 0.000000 1.000000 0.000000 0.000000 0.000000 0.000000 1.000000 0.000000 0.000000 0.000000 0.000000 1.000000 
ChildrenCount:1, 73 
Name:mixamorig:LeftHandThumb1_$AssimpFbx$_PreRotation i:73 p:72 ToParentTransform:0.863880 0.503697 0.000000 0.000000 -0.489351 0.839276 -0.236961 0.000000 -0.119357 0.204706 0.971519 -0.000000 0.000000 0.000000 -0.000000 1.000000 OffetTransform:1.000000 0.000000 0.000000 0.000000 0.000000 1.000000 0.000000 0.000000 0.000000 0.000000 1.000000 0.000000 0.000000 0.000000 0.000000 1.000000 
ChildrenCount:1, 74 
Name:mixamorig:LeftHandThumb1_$AssimpFbx$_Rotation i:74 p:73 ToParentTransform:1.000000 0.000000 -0.000000 0.000000 0.000000 1.000000 -0.000000 0.000000 -0.000000 -0.000000 1.000000 -0.000000 0.000000 0.000000 -0.000000 1.000000 OffetTransform:1.000000 0.000000 0.000000 0.000000 0.000000 1.000000 0.000000 0.000000 0.000000 0.000000 1.000000 0.000000 0.000000 0.000000 0.000000 1.000000 
ChildrenCount:1, 24 
Name:mixamorig:LeftHandThumb2_$AssimpFbx$_Translation i:75 p:24 ToParentTransform:1.000000 0.000000 -0.000000 0.000000 0.000000 1.000000 -0.000000 0.000000 -0.000000 -0.000000 1.000000 -0.000000 -0.007216 0.036056 -0.000000 1.000000 OffetTransform:1.000000 0.000000 0.000000 0.000000 0.000000 1.000000 0.000000 0.000000 0.000000 0.000000 1.000000 0.000000 0.000000 0.000000 0.000000 1.000000 
ChildrenCount:1, 76 
Name:mixamorig:LeftHandThumb2_$AssimpFbx$_PreRotation i:76 p:75 ToParentTransform:1.000000 0.000000 -0.000000 0.000000 0.000000 0.980320 -0.197415 0.000000 -0.000000 0.197415 0.980320 -0.000000 0.000000 0.000000 -0.000000 1.000000 OffetTransform:1.000000 0.000000 0.000000 0.000000 0.000000 1.000000 0.000000 0.000000 0.000000 0.000000 1.000000 0.000000 0.000000 0.000000 0.000000 1.000000 
ChildrenCount:1, 77 
Name:mixamorig:LeftHandThumb2_$AssimpFbx$_Rotation i:77 p:76 ToParentTransform:1.000000 0.000000 -0.000000 0.000000 0.000000 1.000000 -0.000000 0.000000 -0.000000 -0.000000 1.000000 -0.000000 0.000000 0.000000 -0.000000 1.000000 OffetTransform:1.000000 0.000000 0.000000 0.000000 0.000000 1.000000 0.000000 0.000000 0.000000 0.000000 1.000000 0.000000 0.000000 0.000000 0.000000 1.000000 
ChildrenCount:1, 25 
Name:mixamorig:LeftHandThumb3_$AssimpFbx$_Translation i:78 p:25 ToParentTransform:1.000000 0.000000 -0.000000 0.000000 0.000000 1.000000 -0.000000 0.000000 -0.000000 -0.000000 1.000000 -0.000000 0.000317 0.036687 0.000000 1.000000 OffetTransform:1.000000 0.000000 0.000000 0.000000 0.000000 1.000000 0.000000 0.000000 0.000000 0.000000 1.000000 0.000000 0.000000 0.000000 0.000000 1.000000 
ChildrenCount:1, 79 
Name:mixamorig:LeftHandThumb3_$AssimpFbx$_PreRotation i:79 p:78 ToParentTransform:1.000000 0.000000 -0.000000 0.000000 0.000000 0.959829 0.280587 0.000000 -0.000000 -0.280587 0.959829 -0.000000 0.000000 0.000000 -0.000000 1.000000 OffetTransform:1.000000 0.000000 0.000000 0.000000 0.000000 1.000000 0.000000 0.000000 0.000000 0.000000 1.000000 0.000000 0.000000 0.000000 0.000000 1.000000 
ChildrenCount:1, 80 
Name:mixamorig:LeftHandThumb3_$AssimpFbx$_Rotation i:80 p:79 ToParentTransform:1.000000 0.000000 -0.000000 0.000000 0.000000 1.000000 -0.000000 0.000000 -0.000000 -0.000000 1.000000 -0.000000 0.000000 0.000000 -0.000000 1.000000 OffetTransform:1.000000 0.000000 0.000000 0.000000 0.000000 1.000000 0.000000 0.000000 0.000000 0.000000 1.000000 0.000000 0.000000 0.000000 0.000000 1.000000 
ChildrenCount:1, 26 
Name:mixamorig:LeftHandThumb4 i:81 p:26 ToParentTransform:1.000000 0.000000 -0.000000 0.000000 0.000000 1.000000 -0.000000 0.000000 -0.000000 -0.000000 1.000000 -0.000000 0.006899 0.028474 -0.000000 1.000000 OffetTransform:1.000000 0.000000 0.000000 0.000000 0.000000 1.000000 0.000000 0.000000 0.000000 0.000000 1.000000 0.000000 0.000000 0.000000 0.000000 1.000000 
ChildrenCount:0, 
Name:mixamorig:LeftHandIndex1_$AssimpFbx$_Translation i:82 p:9 ToParentTransform:1.000000 0.000000 -0.000000 0.000000 0.000000 1.000000 -0.000000 0.000000 -0.000000 -0.000000 1.000000 -0.000000 -0.035356 0.102905 -0.000834 1.000000 OffetTransform:1.000000 0.000000 0.000000 0.000000 0.000000 1.000000 0.000000 0.000000 0.000000 0.000000 1.000000 0.000000 0.000000 0.000000 0.000000 1.000000 
ChildrenCount:1, 83 
Name:mixamorig:LeftHandIndex1_$AssimpFbx$_PreRotation i:83 p:82 ToParentTransform:0.994839 0.101468 0.000000 0.000000 -0.101406 0.994230 0.034982 0.000000 0.003550 -0.034801 0.999388 -0.000000 0.000000 0.000000 -0.000000 1.000000 OffetTransform:1.000000 0.000000 0.000000 0.000000 0.000000 1.000000 0.000000 0.000000 0.000000 0.000000 1.000000 0.000000 0.000000 0.000000 0.000000 1.000000 
ChildrenCount:1, 84 
Name:mixamorig:LeftHandIndex1_$AssimpFbx$_Rotation i:84 p:83 ToParentTransform:1.000000 0.000000 -0.000000 0.000000 0.000000 1.000000 -0.000000 0.000000 -0.000000 -0.000000 1.000000 -0.000000 0.000000 0.000000 -0.000000 1.000000 OffetTransform:1.000000 0.000000 0.000000 0.000000 0.000000 1.000000 0.000000 0.000000 0.000000 0.000000 1.000000 0.000000 0.000000 0.000000 0.000000 1.000000 
ChildrenCount:1, 27 
Name:mixamorig:LeftHandIndex2_$AssimpFbx$_Translation i:85 p:27 ToParentTransform:1.000000 0.000000 -0.000000 0.000000 0.000000 1.000000 -0.000000 0.000000 -0.000000 -0.000000 1.000000 -0.000000 0.000359 0.033391 0.000000 1.000000 OffetTransform:1.000000 0.000000 0.000000 0.000000 0.000000 1.000000 0.000000 0.000000 0.000000 0.000000 1.000000 0.000000 0.000000 0.000000 0.000000 1.000000 
ChildrenCount:1, 86 
Name:mixamorig:LeftHandIndex2_$AssimpFbx$_PreRotation i:86 p:85 ToParentTransform:1.000000 0.000000 -0.000000 0.000000 0.000000 0.980949 -0.194263 0.000000 -0.000000 0.194263 0.980949 -0.000000 0.000000 0.000000 -0.000000 1.000000 OffetTransform:1.000000 0.000000 0.000000 0.000000 0.000000 1.000000 0.000000 0.000000 0.000000 0.000000 1.000000 0.000000 0.000000 0.000000 0.000000 1.000000 
ChildrenCount:1, 87 
Name:mixamorig:LeftHandIndex2_$AssimpFbx$_Rotation i:87 p:86 ToParentTransform:1.000000 0.000000 -0.000000 0.000000 0.000000 1.000000 -0.000000 0.000000 -0.000000 -0.000000 1.000000 -0.000000 0.000000 0.000000 -0.000000 1.000000 OffetTransform:1.000000 0.000000 0.000000 0.000000 0.000000 1.000000 0.000000 0.000000 0.000000 0.000000 1.000000 0.000000 0.000000 0.000000 0.000000 1.000000 
ChildrenCount:1, 28 
Name:mixamorig:LeftHandIndex3_$AssimpFbx$_Translation i:88 p:28 ToParentTransform:1.000000 0.000000 -0.000000 0.000000 0.000000 1.000000 -0.000000 0.000000 -0.000000 -0.000000 1.000000 -0.000000 -0.000171 0.033128 0.000000 1.000000 OffetTransform:1.000000 0.000000 0.000000 0.000000 0.000000 1.000000 0.000000 0.000000 0.000000 0.000000 1.000000 0.000000 0.000000 0.000000 0.000000 1.000000 
ChildrenCount:1, 89 
Name:mixamorig:LeftHandIndex3_$AssimpFbx$_PreRotation i:89 p:88 ToParentTransform:1.000000 0.000000 -0.000000 0.000000 0.000000 0.999742 -0.022728 0.000000 -0.000000 0.022728 0.999742 -0.000000 0.000000 0.000000 -0.000000 1.000000 OffetTransform:1.000000 0.000000 0.000000 0.000000 0.000000 1.000000 0.000000 0.000000 0.000000 0.000000 1.000000 0.000000 0.000000 0.000000 0.000000 1.000000 
ChildrenCount:1, 90 
Name:mixamorig:LeftHandIndex3_$AssimpFbx$_Rotation i:90 p:89 ToParentTransform:1.000000 0.000000 -0.000000 0.000000 0.000000 1.000000 -0.000000 0.000000 -0.000000 -0.000000 1.000000 -0.000000 0.000000 0.000000 -0.000000 1.000000 OffetTransform:1.000000 0.000000 0.000000 0.000000 0.000000 1.000000 0.000000 0.000000 0.000000 0.000000 1.000000 0.000000 0.000000 0.000000 0.000000 1.000000 
ChildrenCount:1, 29 
Name:mixamorig:LeftHandIndex4 i:91 p:29 ToParentTransform:1.000000 0.000000 -0.000000 0.000000 0.000000 1.000000 -0.000000 0.000000 -0.000000 -0.000000 1.000000 -0.000000 -0.000189 0.026934 -0.000000 1.000000 OffetTransform:1.000000 0.000000 0.000000 0.000000 0.000000 1.000000 0.000000 0.000000 0.000000 0.000000 1.000000 0.000000 0.000000 0.000000 0.000000 1.000000 
ChildrenCount:0, 
Name:mixamorig:LeftHandMiddle1_$AssimpFbx$_Translation i:92 p:9 ToParentTransform:1.000000 0.000000 -0.000000 0.000000 0.000000 1.000000 -0.000000 0.000000 -0.000000 -0.000000 1.000000 -0.000000 -0.010240 0.110656 0.000720 1.000000 OffetTransform:1.000000 0.000000 0.000000 0.000000 0.000000 1.000000 0.000000 0.000000 0.000000 0.000000 1.000000 0.000000 0.000000 0.000000 0.000000 1.000000 
ChildrenCount:1, 93 
Name:mixamorig:LeftHandMiddle1_$AssimpFbx$_PreRotation i:93 p:92 ToParentTransform:0.999890 -0.014823 0.000000 0.000000 0.014823 0.999867 -0.006803 0.000000 0.000101 0.006803 0.999977 -0.000000 0.000000 0.000000 -0.000000 1.000000 OffetTransform:1.000000 0.000000 0.000000 0.000000 0.000000 1.000000 0.000000 0.000000 0.000000 0.000000 1.000000 0.000000 0.000000 0.000000 0.000000 1.000000 
ChildrenCount:1, 94 
Name:mixamorig:LeftHandMiddle1_$AssimpFbx$_Rotation i:94 p:93 ToParentTransform:1.000000 0.000000 -0.000000 0.000000 0.000000 1.000000 -0.000000 0.000000 -0.000000 -0.000000 1.000000 -0.000000 0.000000 0.000000 -0.000000 1.000000 OffetTransform:1.000000 0.000000 0.000000 0.000000 0.000000 1.000000 0.000000 0.000000 0.000000 0.000000 1.000000 0.000000 0.000000 0.000000 0.000000 1.000000 
ChildrenCount:1, 30 
Name:mixamorig:LeftHandMiddle2_$AssimpFbx$_Translation i:95 p:30 ToParentTransform:1.000000 0.000000 -0.000000 0.000000 0.000000 1.000000 -0.000000 0.000000 -0.000000 -0.000000 1.000000 -0.000000 0.000228 0.034865 -0.000000 1.000000 OffetTransform:1.000000 0.000000 0.000000 0.000000 0.000000 1.000000 0.000000 0.000000 0.000000 0.000000 1.000000 0.000000 0.000000 0.000000 0.000000 1.000000 
ChildrenCount:1, 96 
Name:mixamorig:LeftHandMiddle2_$AssimpFbx$_PreRotation i:96 p:95 ToParentTransform:1.000000 0.000000 -0.000000 0.000000 0.000000 0.989582 -0.143968 0.000000 -0.000000 0.143968 0.989582 -0.000000 0.000000 0.000000 -0.000000 1.000000 OffetTransform:1.000000 0.000000 0.000000 0.000000 0.000000 1.000000 0.000000 0.000000 0.000000 0.000000 1.000000 0.000000 0.000000 0.000000 0.000000 1.000000 
ChildrenCount:1, 97 
Name:mixamorig:LeftHandMiddle2_$AssimpFbx$_Rotation i:97 p:96 ToParentTransform:1.000000 0.000000 -0.000000 0.000000 0.000000 1.000000 -0.000000 0.000000 -0.000000 -0.000000 1.000000 -0.000000 0.000000 0.000000 -0.000000 1.000000 OffetTransform:1.000000 0.000000 0.000000 0.000000 0.000000 1.000000 0.000000 0.000000 0.000000 0.000000 1.000000 0.000000 0.000000 0.000000 0.000000 1.000000 
ChildrenCount:1, 31 
Name:mixamorig:LeftHandMiddle3_$AssimpFbx$_Translation i:98 p:31 ToParentTransform:1.000000 0.000000 -0.000000 0.000000 0.000000 1.000000 -0.000000 0.000000 -0.000000 -0.000000 1.000000 -0.000000 -0.000114 0.033338 -0.000000 1.000000 OffetTransform:1.000000 0.000000 0.000000 0.000000 0.000000 1.000000 0.000000 0.000000 0.000000 0.000000 1.000000 0.000000 0.000000 0.000000 0.000000 1.000000 
ChildrenCount:1, 99 
