BoneCount:217
Name:mixamorig:Spine2 i:0 p:50 ToParentTransform:1.000000 0.000000 -0.000000 0.000000 0.000000 1.000000 -0.000000 0.000000 -0.000000 -0.000000 1.000000 -0.000000 0.000000 14.289828 0.000000 1.000000 OffetTransform:1.000000 0.000000 -0.000000 0.000000 0.000000 0.996719 -0.080941 0.000000 -0.000000 0.080941 0.996719 -0.000000 0.000000 -131.761475 9.488525 1.000000 
ChildrenCount:3, 59 62 124 
Name:mixamorig:Neck i:1 p:61 ToParentTransform:1.000000 0.000000 -0.000000 0.000000 0.000000 1.000000 -0.000000 0.000000 -0.000000 -0.000000 1.000000 -0.000000 0.000000 0.000000 -0.000000 1.000000 OffetTransform:1.000000 0.000000 -0.000000 0.000000 0.000000 1.000000 -0.000000 0.000000 -0.000000 -0.000000 1.000000 -0.000000 0.000000 -148.120499 -2.508683 1.000000 
ChildrenCount:1, 2 
Name:mixamorig:Head i:2 p:1 ToParentTransform:1.000000 0.000000 -0.000000 0.000000 0.000000 1.000000 -0.000000 0.000000 -0.000000 -0.000000 1.000000 -0.000000 0.000000 7.702682 -2.688593 1.000000 OffetTransform:1.000000 0.000000 -0.000000 0.000000 0.000000 1.000000 -0.000000 0.000000 -0.000000 -0.000000 1.000000 -0.000000 0.000000 -155.823181 0.179910 1.000000 
ChildrenCount:1, 3 
Name:mixamorig:HeadTop_End i:3 p:2 ToParentTransform:1.000000 0.000000 -0.000000 0.000000 0.000000 1.000000 -0.000000 0.000000 -0.000000 -0.000000 1.000000 -0.000000 0.000000 20.956848 -7.314911 1.000000 OffetTransform:1.000000 0.000000 -0.000000 0.000000 0.000000 1.000000 -0.000000 0.000000 -0.000000 -0.000000 1.000000 -0.000000 0.000000 -176.780029 7.494821 1.000000 
ChildrenCount:0, 
Name:mixamorig:LeftShoulder i:4 p:64 ToParentTransform:1.000000 0.000000 -0.000000 0.000000 0.000000 1.000000 -0.000000 0.000000 -0.000000 -0.000000 1.000000 -0.000000 0.000000 0.000000 -0.000000 1.000000 OffetTransform:-0.021722 0.966269 0.256619 0.000000 -0.081201 -0.257537 0.962851 0.000000 0.996461 0.000077 0.084056 -0.000000 9.523277 31.489273 -142.775330 1.000000 
ChildrenCount:1, 65 
Name:mixamorig:RightShoulder i:5 p:126 ToParentTransform:1.000000 0.000000 -0.000000 0.000000 0.000000 1.000000 -0.000000 0.000000 -0.000000 -0.000000 1.000000 -0.000000 0.000000 0.000000 -0.000000 1.000000 OffetTransform:-0.021563 -0.966268 -0.256632 0.000000 0.081201 -0.257536 0.962851 0.000000 -0.996464 -0.000077 0.084015 -0.000000 -9.523204 31.489630 -142.775223 1.000000 
ChildrenCount:1, 127 
Name:mixamorig:LeftArm i:6 p:67 ToParentTransform:1.000000 0.000000 -0.000000 0.000000 0.000000 1.000000 -0.000000 0.000000 -0.000000 -0.000000 1.000000 -0.000000 0.000000 0.000000 -0.000000 1.000000 OffetTransform:-0.071029 0.996441 0.045383 0.000000 -0.067946 -0.050225 0.996424 0.000000 0.995157 0.067691 0.071272 -0.000000 8.590042 -12.343583 -143.438431 1.000000 
ChildrenCount:1, 68 
Name:mixamorig:LeftForeArm i:7 p:70 ToParentTransform:1.000000 0.000000 -0.000000 0.000000 0.000000 1.000000 -0.000000 0.000000 -0.000000 -0.000000 1.000000 -0.000000 0.000000 0.000000 -0.000000 1.000000 OffetTransform:0.064857 0.997539 -0.026625 0.000000 -0.074134 0.031424 0.996753 0.000000 0.995137 -0.062673 0.075989 -0.000000 2.977073 -51.798397 -140.067627 1.000000 
ChildrenCount:1, 71 
Name:mixamorig:LeftHand i:8 p:73 ToParentTransform:1.000000 0.000000 -0.000000 0.000000 0.000000 1.000000 -0.000000 0.000000 -0.000000 -0.000000 1.000000 -0.000000 0.000000 0.000000 -0.000000 1.000000 OffetTransform:0.059162 0.995847 0.069199 0.000000 0.116366 -0.075727 0.990315 0.000000 0.991443 -0.050537 -0.120363 -0.000000 -23.694639 -58.239975 -145.204208 1.000000 
ChildrenCount:5, 74 84 94 104 114 
Name:mixamorig:LeftHandThumb1 i:9 p:76 ToParentTransform:1.000000 0.000000 -0.000000 0.000000 0.000000 1.000000 -0.000000 0.000000 -0.000000 -0.000000 1.000000 -0.000000 0.000000 0.000000 -0.000000 1.000000 OffetTransform:0.609115 0.734723 0.298599 0.000000 0.053609 -0.413787 0.908794 0.000000 0.791268 -0.537552 -0.291432 -0.000000 -51.603260 5.073262 -149.022324 1.000000 
ChildrenCount:1, 77 
Name:mixamorig:LeftHandThumb2 i:10 p:79 ToParentTransform:1.000000 0.000000 -0.000000 0.000000 0.000000 1.000000 -0.000000 0.000000 -0.000000 -0.000000 1.000000 -0.000000 0.000000 0.000000 -0.000000 1.000000 OffetTransform:0.609115 0.695027 0.381991 0.000000 0.053609 -0.516635 0.854526 0.000000 0.791268 -0.500026 -0.351949 -0.000000 -51.004074 18.890976 -147.828522 1.000000 
ChildrenCount:1, 80 
Name:mixamorig:LeftHandThumb3 i:11 p:82 ToParentTransform:1.000000 0.000000 -0.000000 0.000000 0.000000 1.000000 -0.000000 0.000000 -0.000000 -0.000000 1.000000 -0.000000 0.000000 0.000000 -0.000000 1.000000 OffetTransform:0.609115 0.728877 0.312599 0.000000 0.053609 -0.431096 0.900712 0.000000 0.791268 -0.531879 -0.301661 -0.000000 -51.088966 1.072926 -148.637192 1.000000 
ChildrenCount:1, 83 
Name:mixamorig:LeftHandIndex1 i:12 p:86 ToParentTransform:1.000000 0.000000 -0.000000 0.000000 0.000000 1.000000 -0.000000 0.000000 -0.000000 -0.000000 1.000000 -0.000000 0.000000 0.000000 -0.000000 1.000000 OffetTransform:0.227443 0.972681 0.046499 0.000000 0.101813 -0.071242 0.992249 0.000000 0.968454 -0.220946 -0.115235 -0.000000 -31.440973 -66.783890 -143.423630 1.000000 
ChildrenCount:1, 87 
Name:mixamorig:LeftHandIndex2 i:13 p:89 ToParentTransform:1.000000 0.000000 -0.000000 0.000000 0.000000 1.000000 -0.000000 0.000000 -0.000000 -0.000000 1.000000 -0.000000 0.000000 0.000000 -0.000000 1.000000 OffetTransform:0.227443 0.950535 0.211548 0.000000 0.101813 -0.239263 0.965602 0.000000 0.968454 -0.198081 -0.151196 -0.000000 -31.483145 -44.725712 -153.285507 1.000000 
ChildrenCount:1, 90 
Name:mixamorig:LeftHandIndex3 i:14 p:92 ToParentTransform:1.000000 0.000000 -0.000000 0.000000 0.000000 1.000000 -0.000000 0.000000 -0.000000 -0.000000 1.000000 -0.000000 0.000000 0.000000 -0.000000 1.000000 OffetTransform:0.227443 0.915060 0.333070 0.000000 0.101813 -0.362505 0.926404 0.000000 0.968454 -0.176793 -0.175615 -0.000000 -31.476463 -27.584595 -158.200745 1.000000 
ChildrenCount:1, 93 
Name:mixamorig:LeftHandMiddle1 i:15 p:96 ToParentTransform:1.000000 0.000000 -0.000000 0.000000 0.000000 1.000000 -0.000000 0.000000 -0.000000 -0.000000 1.000000 -0.000000 0.000000 0.000000 -0.000000 1.000000 OffetTransform:0.101412 0.987794 0.118233 0.000000 0.113044 -0.129517 0.985112 0.000000 0.988401 -0.086537 -0.124799 -0.000000 -25.515240 -60.141243 -148.662842 1.000000 
ChildrenCount:1, 97 
Name:mixamorig:LeftHandMiddle2 i:16 p:99 ToParentTransform:1.000000 0.000000 -0.000000 0.000000 0.000000 1.000000 -0.000000 0.000000 -0.000000 -0.000000 1.000000 -0.000000 0.000000 0.000000 -0.000000 1.000000 OffetTransform:0.101412 0.956382 0.273951 0.000000 0.113044 -0.284665 0.951939 0.000000 0.988401 -0.065569 -0.136982 -0.000000 -25.534744 -39.176544 -156.898712 1.000000 
ChildrenCount:1, 100 
Name:mixamorig:LeftHandMiddle3 i:17 p:102 ToParentTransform:1.000000 0.000000 -0.000000 0.000000 0.000000 1.000000 -0.000000 0.000000 -0.000000 -0.000000 1.000000 -0.000000 0.000000 0.000000 -0.000000 1.000000 OffetTransform:0.101412 0.972469 0.209811 0.000000 0.113044 -0.220796 0.968747 0.000000 0.988401 -0.074525 -0.132323 -0.000000 -25.517467 -52.779579 -153.732056 1.000000 
ChildrenCount:1, 103 
Name:mixamorig:LeftHandRing1 i:18 p:106 ToParentTransform:1.000000 0.000000 -0.000000 0.000000 0.000000 1.000000 -0.000000 0.000000 -0.000000 -0.000000 1.000000 -0.000000 0.000000 0.000000 -0.000000 1.000000 OffetTransform:0.052409 0.950350 0.306737 0.000000 0.116877 -0.310886 0.943234 0.000000 0.991763 -0.013583 -0.127367 -0.000000 -24.451092 -31.756821 -157.811829 1.000000 
ChildrenCount:1, 107 
Name:mixamorig:LeftHandRing2 i:19 p:109 ToParentTransform:1.000000 0.000000 -0.000000 0.000000 0.000000 1.000000 -0.000000 0.000000 -0.000000 -0.000000 1.000000 -0.000000 0.000000 0.000000 -0.000000 1.000000 OffetTransform:0.052409 0.970223 0.236474 0.000000 0.116877 -0.241132 0.963429 0.000000 0.991763 -0.022854 -0.126034 -0.000000 -24.443405 -46.104698 -154.856888 1.000000 
ChildrenCount:1, 110 
Name:mixamorig:LeftHandRing3 i:20 p:112 ToParentTransform:1.000000 0.000000 -0.000000 0.000000 0.000000 1.000000 -0.000000 0.000000 -0.000000 -0.000000 1.000000 -0.000000 0.000000 0.000000 -0.000000 1.000000 OffetTransform:0.052409 0.968914 0.241782 0.000000 0.116877 -0.246402 0.962094 0.000000 0.991763 -0.022163 -0.126157 -0.000000 -24.448338 -47.974014 -155.121857 1.000000 
ChildrenCount:1, 113 
Name:mixamorig:LeftHandPinky1 i:21 p:116 ToParentTransform:1.000000 0.000000 -0.000000 0.000000 0.000000 1.000000 -0.000000 0.000000 -0.000000 -0.000000 1.000000 -0.000000 0.000000 0.000000 -0.000000 1.000000 OffetTransform:0.015371 0.976440 0.215240 0.000000 0.119579 -0.215516 0.969151 0.000000 0.992706 0.010841 -0.120075 -0.000000 -24.032286 -46.463001 -153.688370 1.000000 
ChildrenCount:1, 117 
Name:mixamorig:LeftHandPinky2 i:22 p:119 ToParentTransform:1.000000 0.000000 -0.000000 0.000000 0.000000 1.000000 -0.000000 0.000000 -0.000000 -0.000000 1.000000 -0.000000 0.000000 0.000000 -0.000000 1.000000 OffetTransform:0.015371 0.947389 0.319716 0.000000 0.119579 -0.319200 0.940113 0.000000 0.992706 0.023781 -0.118195 -0.000000 -24.040644 -32.183468 -158.103409 1.000000 
ChildrenCount:1, 120 
Name:mixamorig:LeftHandPinky3 i:23 p:122 ToParentTransform:1.000000 0.000000 -0.000000 0.000000 0.000000 1.000000 -0.000000 0.000000 -0.000000 -0.000000 1.000000 -0.000000 0.000000 0.000000 -0.000000 1.000000 OffetTransform:0.015371 0.968072 0.250200 0.000000 0.119579 -0.250213 0.960778 0.000000 0.992706 0.015151 -0.119608 -0.000000 -24.032475 -45.852596 -155.187866 1.000000 
ChildrenCount:1, 123 
Name:mixamorig:RightArm i:24 p:129 ToParentTransform:1.000000 0.000000 -0.000000 0.000000 0.000000 1.000000 -0.000000 0.000000 -0.000000 -0.000000 1.000000 -0.000000 0.000000 0.000000 -0.000000 1.000000 OffetTransform:-0.067589 -0.996671 -0.045583 0.000000 0.068835 -0.050237 0.996362 0.000000 -0.995336 0.064206 0.072001 -0.000000 -8.652869 -12.337468 -143.435135 1.000000 
ChildrenCount:1, 130 
Name:mixamorig:RightForeArm i:25 p:132 ToParentTransform:1.000000 0.000000 -0.000000 0.000000 0.000000 1.000000 -0.000000 0.000000 -0.000000 -0.000000 1.000000 -0.000000 0.000000 0.000000 -0.000000 1.000000 OffetTransform:0.055562 -0.998081 0.027332 0.000000 0.074493 0.031441 0.996726 0.000000 -0.995672 -0.053344 0.076097 -0.000000 -3.571580 -51.873554 -140.022705 1.000000 
ChildrenCount:1, 133 
Name:mixamorig:RightHand i:26 p:135 ToParentTransform:1.000000 0.000000 -0.000000 0.000000 0.000000 1.000000 -0.000000 0.000000 -0.000000 -0.000000 1.000000 -0.000000 0.000000 0.000000 -0.000000 1.000000 OffetTransform:0.075972 -0.994503 -0.072054 0.000000 -0.100190 -0.079511 0.991786 0.000000 -0.992064 -0.068129 -0.105680 -0.000000 22.664825 -57.547958 -145.646027 1.000000 
ChildrenCount:5, 136 146 156 166 176 
Name:mixamorig:RightHandThumb1 i:27 p:138 ToParentTransform:1.000000 0.000000 -0.000000 0.000000 0.000000 1.000000 -0.000000 0.000000 -0.000000 -0.000000 1.000000 -0.000000 0.000000 0.000000 -0.000000 1.000000 OffetTransform:0.599102 -0.737571 -0.311553 0.000000 -0.041675 -0.417313 0.907807 0.000000 -0.799587 -0.530885 -0.280752 -0.000000 49.245987 5.259594 -149.786118 1.000000 
ChildrenCount:1, 139 
Name:mixamorig:RightHandThumb2 i:28 p:141 ToParentTransform:1.000000 0.000000 -0.000000 0.000000 0.000000 1.000000 -0.000000 0.000000 -0.000000 -0.000000 1.000000 -0.000000 0.000000 0.000000 -0.000000 1.000000 OffetTransform:0.599102 -0.701459 -0.386047 0.000000 -0.041675 -0.508819 0.859864 0.000000 -0.799587 -0.499058 -0.334068 -0.000000 48.589272 17.100601 -148.815811 1.000000 
ChildrenCount:1, 142 
Name:mixamorig:RightHandThumb3 i:29 p:144 ToParentTransform:1.000000 0.000000 -0.000000 0.000000 0.000000 1.000000 -0.000000 0.000000 -0.000000 -0.000000 1.000000 -0.000000 0.000000 0.000000 -0.000000 1.000000 OffetTransform:0.599102 -0.753422 -0.270983 0.000000 -0.041675 -0.367329 0.929157 0.000000 -0.799587 -0.545367 -0.251467 -0.000000 48.702782 -9.754726 -149.136520 1.000000 
ChildrenCount:1, 145 
Name:mixamorig:RightHandIndex1 i:30 p:148 ToParentTransform:1.000000 0.000000 -0.000000 0.000000 0.000000 1.000000 -0.000000 0.000000 -0.000000 -0.000000 1.000000 -0.000000 0.000000 0.000000 -0.000000 1.000000 OffetTransform:0.173999 -0.979581 -0.100728 0.000000 -0.091832 -0.117984 0.988760 0.000000 -0.980455 -0.162793 -0.110486 -0.000000 25.630716 -60.986343 -147.364395 1.000000 
ChildrenCount:1, 149 
Name:mixamorig:RightHandIndex2 i:31 p:151 ToParentTransform:1.000000 0.000000 -0.000000 0.000000 0.000000 1.000000 -0.000000 0.000000 -0.000000 -0.000000 1.000000 -0.000000 0.000000 0.000000 -0.000000 1.000000 OffetTransform:0.173999 -0.958623 -0.225313 0.000000 -0.091832 -0.243602 0.965518 0.000000 -0.980455 -0.147308 -0.130418 -0.000000 25.644194 -44.886997 -154.381638 1.000000 
ChildrenCount:1, 152 
Name:mixamorig:RightHandIndex3 i:32 p:154 ToParentTransform:1.000000 0.000000 -0.000000 0.000000 0.000000 1.000000 -0.000000 0.000000 -0.000000 -0.000000 1.000000 -0.000000 0.000000 0.000000 -0.000000 1.000000 OffetTransform:0.173999 -0.966061 -0.190922 0.000000 -0.091832 -0.208953 0.973604 0.000000 -0.980455 -0.151873 -0.125073 -0.000000 25.634075 -53.382214 -152.571960 1.000000 
ChildrenCount:1, 155 
Name:mixamorig:RightHandMiddle1 i:33 p:158 ToParentTransform:1.000000 0.000000 -0.000000 0.000000 0.000000 1.000000 -0.000000 0.000000 -0.000000 -0.000000 1.000000 -0.000000 0.000000 0.000000 -0.000000 1.000000 OffetTransform:0.098572 -0.991716 -0.082359 0.000000 -0.098356 -0.092066 0.990883 0.000000 -0.990257 -0.089573 -0.106616 -0.000000 23.228964 -65.519974 -146.544861 1.000000 
ChildrenCount:1, 159 
Name:mixamorig:RightHandMiddle2 i:34 p:161 ToParentTransform:1.000000 0.000000 -0.000000 0.000000 0.000000 1.000000 -0.000000 0.000000 -0.000000 -0.000000 1.000000 -0.000000 0.000000 0.000000 -0.000000 1.000000 OffetTransform:0.098572 -0.958084 -0.268996 0.000000 -0.098356 -0.278369 0.955425 0.000000 -0.990257 -0.067721 -0.121673 -0.000000 23.244877 -40.001648 -156.983932 1.000000 
ChildrenCount:1, 162 
Name:mixamorig:RightHandMiddle3 i:35 p:164 ToParentTransform:1.000000 0.000000 -0.000000 0.000000 0.000000 1.000000 -0.000000 0.000000 -0.000000 -0.000000 1.000000 -0.000000 0.000000 0.000000 -0.000000 1.000000 OffetTransform:0.098572 -0.979022 -0.178323 0.000000 -0.098356 -0.187903 0.977251 0.000000 -0.990257 -0.078791 -0.114815 -0.000000 23.229380 -57.847015 -152.246033 1.000000 
ChildrenCount:1, 165 
Name:mixamorig:RightHandRing1 i:36 p:168 ToParentTransform:1.000000 0.000000 -0.000000 0.000000 0.000000 1.000000 -0.000000 0.000000 -0.000000 -0.000000 1.000000 -0.000000 0.000000 0.000000 -0.000000 1.000000 OffetTransform:-0.001738 -0.976920 -0.213597 0.000000 -0.106080 -0.212212 0.971449 0.000000 -0.994356 0.024347 -0.103263 -0.000000 18.483507 -47.832020 -154.263885 1.000000 
ChildrenCount:1, 169 
Name:mixamorig:RightHandRing2 i:37 p:171 ToParentTransform:1.000000 0.000000 -0.000000 0.000000 0.000000 1.000000 -0.000000 0.000000 -0.000000 -0.000000 1.000000 -0.000000 0.000000 0.000000 -0.000000 1.000000 OffetTransform:-0.001738 -0.960134 -0.279537 0.000000 -0.106080 -0.277783 0.954769 0.000000 -0.994356 0.031313 -0.101368 -0.000000 18.485189 -40.130898 -157.357224 1.000000 
ChildrenCount:1, 172 
Name:mixamorig:RightHandRing3 i:38 p:174 ToParentTransform:1.000000 0.000000 -0.000000 0.000000 0.000000 1.000000 -0.000000 0.000000 -0.000000 -0.000000 1.000000 -0.000000 0.000000 0.000000 -0.000000 1.000000 OffetTransform:-0.001738 -0.981217 -0.192897 0.000000 -0.106080 -0.191628 0.975718 0.000000 -0.994356 0.022159 -0.103755 -0.000000 18.480322 -56.758125 -152.909088 1.000000 
ChildrenCount:1, 175 
Name:mixamorig:RightHandPinky1 i:39 p:178 ToParentTransform:1.000000 0.000000 -0.000000 0.000000 0.000000 1.000000 -0.000000 0.000000 -0.000000 -0.000000 1.000000 -0.000000 0.000000 0.000000 -0.000000 1.000000 OffetTransform:0.027740 -0.987326 -0.156260 0.000000 -0.103922 -0.158321 0.981904 0.000000 -0.994199 -0.011000 -0.106997 -0.000000 22.828640 -55.217377 -150.821762 1.000000 
ChildrenCount:1, 179 
Name:mixamorig:RightHandPinky2 i:40 p:181 ToParentTransform:1.000000 0.000000 -0.000000 0.000000 0.000000 1.000000 -0.000000 0.000000 -0.000000 -0.000000 1.000000 -0.000000 0.000000 0.000000 -0.000000 1.000000 OffetTransform:0.027740 -0.946582 -0.321268 0.000000 -0.103922 -0.322381 0.940888 0.000000 -0.994199 0.007286 -0.107314 -0.000000 22.842165 -31.554401 -158.458069 1.000000 
ChildrenCount:1, 182 
Name:mixamorig:RightHandPinky3 i:41 p:184 ToParentTransform:1.000000 0.000000 -0.000000 0.000000 0.000000 1.000000 -0.000000 0.000000 -0.000000 -0.000000 1.000000 -0.000000 0.000000 0.000000 -0.000000 1.000000 OffetTransform:0.027740 -0.943643 -0.329802 0.000000 -0.103922 -0.330863 0.937939 0.000000 -0.994199 0.008255 -0.107243 -0.000000 22.836311 -32.435940 -158.757385 1.000000 
ChildrenCount:1, 185 
Name:mixamorig:LeftLeg i:42 p:191 ToParentTransform:1.000000 0.000000 -0.000000 0.000000 0.000000 1.000000 -0.000000 0.000000 -0.000000 -0.000000 1.000000 -0.000000 0.000000 0.000000 -0.000000 1.000000 OffetTransform:-0.998366 0.057128 0.001109 0.000000 -0.056955 -0.996533 0.060644 0.000000 0.004570 0.060482 0.998159 -0.000000 15.242452 47.175747 -4.641487 1.000000 
ChildrenCount:1, 192 
Name:mixamorig:LeftFoot i:43 p:194 ToParentTransform:1.000000 0.000000 -0.000000 0.000000 0.000000 1.000000 -0.000000 0.000000 -0.000000 -0.000000 1.000000 -0.000000 0.000000 0.000000 -0.000000 1.000000 OffetTransform:-0.995353 0.094734 0.017240 0.000000 -0.061554 -0.488320 -0.870491 0.000000 -0.074046 -0.867507 0.491882 -0.000000 15.560622 7.178710 6.873055 1.000000 
ChildrenCount:1, 195 
Name:mixamorig:LeftToeBase i:44 p:197 ToParentTransform:1.000000 0.000000 -0.000000 0.000000 0.000000 1.000000 -0.000000 0.000000 -0.000000 -0.000000 1.000000 -0.000000 0.000000 0.000000 -0.000000 1.000000 OffetTransform:-0.990515 0.134118 -0.029879 0.000000 0.040887 0.080088 -0.995949 0.000000 -0.131181 -0.987724 -0.084812 -0.000000 14.647911 -13.290915 1.499323 1.000000 
ChildrenCount:1, 52 
Name:mixamorig:RightLeg i:45 p:203 ToParentTransform:1.000000 0.000000 -0.000000 0.000000 0.000000 1.000000 -0.000000 0.000000 -0.000000 -0.000000 1.000000 -0.000000 0.000000 0.000000 -0.000000 1.000000 OffetTransform:-0.998367 -0.057117 -0.000149 0.000000 0.056992 -0.996342 0.063676 0.000000 -0.003785 0.063564 0.997971 -0.000000 -15.247137 47.187778 -4.361056 1.000000 
ChildrenCount:1, 204 
Name:mixamorig:RightFoot i:46 p:206 ToParentTransform:1.000000 0.000000 -0.000000 0.000000 0.000000 1.000000 -0.000000 0.000000 -0.000000 -0.000000 1.000000 -0.000000 0.000000 0.000000 -0.000000 1.000000 OffetTransform:-0.995556 -0.091982 -0.020185 0.000000 0.061615 -0.474157 -0.878281 0.000000 0.071215 -0.875622 0.477718 -0.000000 -15.531730 6.842882 7.110207 1.000000 
ChildrenCount:1, 207 
Name:mixamorig:RightToeBase i:47 p:209 ToParentTransform:1.000000 0.000000 -0.000000 0.000000 0.000000 1.000000 -0.000000 0.000000 -0.000000 -0.000000 1.000000 -0.000000 0.000000 0.000000 -0.000000 1.000000 OffetTransform:-0.990278 -0.133932 0.037582 0.000000 -0.048595 0.079932 -0.995615 0.000000 0.130341 -0.987762 -0.085663 -0.000000 -14.521724 -14.171707 1.537888 1.000000 
ChildrenCount:1, 54 
Name:mixamorig:Hips i:48 p:55 ToParentTransform:1.000000 0.000000 -0.000000 0.000000 0.000000 1.000000 -0.000000 0.000000 -0.000000 -0.000000 1.000000 -0.000000 0.000000 94.709450 -1.828674 1.000000 OffetTransform:1.000000 0.000000 -0.000000 0.000000 0.000000 1.000000 -0.000000 0.000000 -0.000000 -0.000000 1.000000 -0.000000 0.000000 -94.709450 1.828674 1.000000 
ChildrenCount:3, 56 186 198 
Name:mixamorig:Spine i:49 p:58 ToParentTransform:1.000000 0.000000 -0.000000 0.000000 0.000000 1.000000 -0.000000 0.000000 -0.000000 -0.000000 1.000000 -0.000000 0.000000 0.000000 -0.000000 1.000000 OffetTransform:1.000000 0.000000 -0.000000 0.000000 0.000000 0.996719 -0.080941 0.000000 -0.000000 0.080941 0.996719 -0.000000 0.000000 -104.968056 9.488517 1.000000 
ChildrenCount:1, 50 
Name:mixamorig:Spine1 i:50 p:49 ToParentTransform:1.000000 0.000000 -0.000000 0.000000 0.000000 1.000000 -0.000000 0.000000 -0.000000 -0.000000 1.000000 -0.000000 0.000000 12.503603 0.000000 1.000000 OffetTransform:1.000000 0.000000 -0.000000 0.000000 0.000000 0.996719 -0.080941 0.000000 -0.000000 0.080941 0.996719 -0.000000 0.000000 -117.471649 9.488525 1.000000 
ChildrenCount:1, 0 
Name:mixamorig:LeftUpLeg i:51 p:188 ToParentTransform:1.000000 0.000000 -0.000000 0.000000 0.000000 1.000000 -0.000000 0.000000 -0.000000 -0.000000 1.000000 -0.000000 0.000000 0.000000 -0.000000 1.000000 OffetTransform:-0.997343 0.072848 -0.000000 0.000000 -0.072614 -0.994148 0.079979 0.000000 0.005826 0.079766 0.996797 -0.000000 15.981659 87.686340 -5.556452 1.000000 
ChildrenCount:1, 189 
Name:mixamorig:LeftToe_End i:52 p:44 ToParentTransform:1.000000 0.000000 -0.000000 0.000000 0.000000 1.000000 -0.000000 0.000000 -0.000000 -0.000000 1.000000 -0.000000 0.000000 6.991269 -0.000000 1.000000 OffetTransform:-0.990515 0.134118 -0.029879 0.000000 0.040887 0.080088 -0.995949 0.000000 -0.131181 -0.987724 -0.084812 -0.000000 14.647911 -20.282183 1.499323 1.000000 
ChildrenCount:0, 
Name:mixamorig:RightUpLeg i:53 p:200 ToParentTransform:1.000000 0.000000 -0.000000 0.000000 0.000000 1.000000 -0.000000 0.000000 -0.000000 -0.000000 1.000000 -0.000000 0.000000 0.000000 -0.000000 1.000000 OffetTransform:-0.997338 -0.072921 -0.000000 0.000000 0.072761 -0.995145 0.066270 0.000000 -0.004832 0.066093 0.997802 -0.000000 -15.992332 87.743294 -4.483894 1.000000 
ChildrenCount:1, 201 
Name:mixamorig:RightToe_End i:54 p:47 ToParentTransform:1.000000 0.000000 -0.000000 0.000000 0.000000 1.000000 -0.000000 0.000000 -0.000000 -0.000000 1.000000 -0.000000 0.000000 7.001125 -0.000000 1.000000 OffetTransform:-0.990278 -0.133932 0.037582 0.000000 -0.048595 0.079932 -0.995615 0.000000 0.130341 -0.987762 -0.085663 -0.000000 -14.521725 -21.172834 1.537888 1.000000 
ChildrenCount:0, 
Name:RootNode i:55 p:-1 ToParentTransform:1.000000 0.000000 -0.000000 0.000000 0.000000 1.000000 -0.000000 0.000000 -0.000000 -0.000000 1.000000 -0.000000 0.000000 0.000000 -0.000000 1.000000 OffetTransform:1.000000 0.000000 0.000000 0.000000 0.000000 1.000000 0.000000 0.000000 0.000000 0.000000 1.000000 0.000000 0.000000 0.000000 0.000000 1.000000 
ChildrenCount:8, 48 210 211 212 213 214 215 216 
Name:mixamorig:Spine_$AssimpFbx$_Translation i:56 p:48 ToParentTransform:1.000000 0.000000 -0.000000 0.000000 0.000000 1.000000 -0.000000 0.000000 -0.000000 -0.000000 1.000000 -0.000000 0.000000 10.682213 0.867471 1.000000 OffetTransform:1.000000 0.000000 0.000000 0.000000 0.000000 1.000000 0.000000 0.000000 0.000000 0.000000 1.000000 0.000000 0.000000 0.000000 0.000000 1.000000 
ChildrenCount:1, 57 
Name:mixamorig:Spine_$AssimpFbx$_PreRotation i:57 p:56 ToParentTransform:1.000000 0.000000 -0.000000 0.000000 0.000000 0.996719 0.080941 0.000000 -0.000000 -0.080941 0.996719 -0.000000 0.000000 0.000000 -0.000000 1.000000 OffetTransform:1.000000 0.000000 0.000000 0.000000 0.000000 1.000000 0.000000 0.000000 0.000000 0.000000 1.000000 0.000000 0.000000 0.000000 0.000000 1.000000 
ChildrenCount:1, 58 
Name:mixamorig:Spine_$AssimpFbx$_Rotation i:58 p:57 ToParentTransform:1.000000 0.000000 -0.000000 0.000000 0.000000 1.000000 -0.000000 0.000000 -0.000000 -0.000000 1.000000 -0.000000 0.000000 0.000000 -0.000000 1.000000 OffetTransform:1.000000 0.000000 0.000000 0.000000 0.000000 1.000000 0.000000 0.000000 0.000000 0.000000 1.000000 0.000000 0.000000 0.000000 0.000000 1.000000 
ChildrenCount:1, 49 
Name:mixamorig:Neck_$AssimpFbx$_Translation i:59 p:0 ToParentTransform:1.000000 0.000000 -0.000000 0.000000 0.000000 1.000000 -0.000000 0.000000 -0.000000 -0.000000 1.000000 -0.000000 0.000000 16.076063 -0.000001 1.000000 OffetTransform:1.000000 0.000000 0.000000 0.000000 0.000000 1.000000 0.000000 0.000000 0.000000 0.000000 1.000000 0.000000 0.000000 0.000000 0.000000 1.000000 
ChildrenCount:1, 60 
Name:mixamorig:Neck_$AssimpFbx$_PreRotation i:60 p:59 ToParentTransform:1.000000 0.000000 -0.000000 0.000000 0.000000 0.996719 -0.080941 0.000000 -0.000000 0.080941 0.996719 -0.000000 0.000000 0.000000 -0.000000 1.000000 OffetTransform:1.000000 0.000000 0.000000 0.000000 0.000000 1.000000 0.000000 0.000000 0.000000 0.000000 1.000000 0.000000 0.000000 0.000000 0.000000 1.000000 
ChildrenCount:1, 61 
Name:mixamorig:Neck_$AssimpFbx$_Rotation i:61 p:60 ToParentTransform:1.000000 0.000000 -0.000000 0.000000 0.000000 1.000000 -0.000000 0.000000 -0.000000 -0.000000 1.000000 -0.000000 0.000000 0.000000 -0.000000 1.000000 OffetTransform:1.000000 0.000000 0.000000 0.000000 0.000000 1.000000 0.000000 0.000000 0.000000 0.000000 1.000000 0.000000 0.000000 0.000000 0.000000 1.000000 
ChildrenCount:1, 1 
Name:mixamorig:LeftShoulder_$AssimpFbx$_Translation i:62 p:0 ToParentTransform:1.000000 0.000000 -0.000000 0.000000 0.000000 1.000000 -0.000000 0.000000 -0.000000 -0.000000 1.000000 -0.000000 6.418629 14.315649 0.143476 1.000000 OffetTransform:1.000000 0.000000 0.000000 0.000000 0.000000 1.000000 0.000000 0.000000 0.000000 0.000000 1.000000 0.000000 0.000000 0.000000 0.000000 1.000000 
ChildrenCount:1, 63 
Name:mixamorig:LeftShoulder_$AssimpFbx$_PreRotation i:63 p:62 ToParentTransform:-0.021722 -0.000281 0.999764 0.000000 0.966269 -0.256685 0.020922 0.000000 0.256619 0.966495 0.005847 -0.000000 0.000000 0.000000 -0.000000 1.000000 OffetTransform:1.000000 0.000000 0.000000 0.000000 0.000000 1.000000 0.000000 0.000000 0.000000 0.000000 1.000000 0.000000 0.000000 0.000000 0.000000 1.000000 
ChildrenCount:1, 64 
Name:mixamorig:LeftShoulder_$AssimpFbx$_Rotation i:64 p:63 ToParentTransform:1.000000 0.000000 -0.000000 0.000000 0.000000 1.000000 -0.000000 0.000000 -0.000000 -0.000000 1.000000 -0.000000 0.000000 0.000000 -0.000000 1.000000 OffetTransform:1.000000 0.000000 0.000000 0.000000 0.000000 1.000000 0.000000 0.000000 0.000000 0.000000 1.000000 0.000000 0.000000 0.000000 0.000000 1.000000 
ChildrenCount:1, 4 
Name:mixamorig:LeftArm_$AssimpFbx$_Translation i:65 p:4 ToParentTransform:1.000000 0.000000 -0.000000 0.000000 0.000000 1.000000 -0.000000 0.000000 -0.000000 -0.000000 1.000000 -0.000000 0.000000 13.454617 -0.000000 1.000000 OffetTransform:1.000000 0.000000 0.000000 0.000000 0.000000 1.000000 0.000000 0.000000 0.000000 0.000000 1.000000 0.000000 0.000000 0.000000 0.000000 1.000000 
ChildrenCount:1, 66 
Name:mixamorig:LeftArm_$AssimpFbx$_PreRotation i:66 p:65 ToParentTransform:0.998696 -0.051058 0.000000 0.000000 0.049886 0.975770 0.213036 0.000000 -0.010877 -0.212758 0.977044 -0.000000 0.000000 0.000000 -0.000000 1.000000 OffetTransform:1.000000 0.000000 0.000000 0.000000 0.000000 1.000000 0.000000 0.000000 0.000000 0.000000 1.000000 0.000000 0.000000 0.000000 0.000000 1.000000 
ChildrenCount:1, 67 
Name:mixamorig:LeftArm_$AssimpFbx$_Rotation i:67 p:66 ToParentTransform:1.000000 0.000000 -0.000000 0.000000 0.000000 1.000000 -0.000000 0.000000 -0.000000 -0.000000 1.000000 -0.000000 0.000000 0.000000 -0.000000 1.000000 OffetTransform:1.000000 0.000000 0.000000 0.000000 0.000000 1.000000 0.000000 0.000000 0.000000 0.000000 1.000000 0.000000 0.000000 0.000000 0.000000 1.000000 
ChildrenCount:1, 6 
Name:mixamorig:LeftForeArm_$AssimpFbx$_Translation i:68 p:6 ToParentTransform:1.000000 0.000000 -0.000000 0.000000 0.000000 1.000000 -0.000000 0.000000 -0.000000 -0.000000 1.000000 -0.000000 0.000000 28.430309 0.000000 1.000000 OffetTransform:1.000000 0.000000 0.000000 0.000000 0.000000 1.000000 0.000000 0.000000 0.000000 0.000000 1.000000 0.000000 0.000000 0.000000 0.000000 1.000000 
ChildrenCount:1, 69 
Name:mixamorig:LeftForeArm_$AssimpFbx$_PreRotation i:69 p:68 ToParentTransform:0.990748 0.135712 0.000000 0.000000 -0.135358 0.988169 0.072116 0.000000 0.009787 -0.071449 0.997396 -0.000000 0.000000 0.000000 -0.000000 1.000000 OffetTransform:1.000000 0.000000 0.000000 0.000000 0.000000 1.000000 0.000000 0.000000 0.000000 0.000000 1.000000 0.000000 0.000000 0.000000 0.000000 1.000000 
ChildrenCount:1, 70 
Name:mixamorig:LeftForeArm_$AssimpFbx$_Rotation i:70 p:69 ToParentTransform:1.000000 0.000000 -0.000000 0.000000 0.000000 1.000000 -0.000000 0.000000 -0.000000 -0.000000 1.000000 -0.000000 0.000000 0.000000 -0.000000 1.000000 OffetTransform:1.000000 0.000000 0.000000 0.000000 0.000000 1.000000 0.000000 0.000000 0.000000 0.000000 1.000000 0.000000 0.000000 0.000000 0.000000 1.000000 
ChildrenCount:1, 7 
Name:mixamorig:LeftHand_$AssimpFbx$_Translation i:71 p:7 ToParentTransform:1.000000 0.000000 -0.000000 0.000000 0.000000 1.000000 -0.000000 0.000000 -0.000000 -0.000000 1.000000 -0.000000 -0.000000 21.752851 -0.000000 1.000000 OffetTransform:1.000000 0.000000 0.000000 0.000000 0.000000 1.000000 0.000000 0.000000 0.000000 0.000000 1.000000 0.000000 0.000000 0.000000 0.000000 1.000000 
ChildrenCount:1, 72 
Name:mixamorig:LeftHand_$AssimpFbx$_PreRotation i:72 p:71 ToParentTransform:0.981832 0.000537 0.189752 0.000000 0.019911 0.994184 -0.105836 0.000000 -0.188705 0.107691 0.976111 -0.000000 0.000000 0.000000 -0.000000 1.000000 OffetTransform:1.000000 0.000000 0.000000 0.000000 0.000000 1.000000 0.000000 0.000000 0.000000 0.000000 1.000000 0.000000 0.000000 0.000000 0.000000 1.000000 
ChildrenCount:1, 73 
Name:mixamorig:LeftHand_$AssimpFbx$_Rotation i:73 p:72 ToParentTransform:1.000000 0.000000 -0.000000 0.000000 0.000000 1.000000 -0.000000 0.000000 -0.000000 -0.000000 1.000000 -0.000000 0.000000 0.000000 -0.000000 1.000000 OffetTransform:1.000000 0.000000 0.000000 0.000000 0.000000 1.000000 0.000000 0.000000 0.000000 0.000000 1.000000 0.000000 0.000000 0.000000 0.000000 1.000000 
ChildrenCount:1, 8 
Name:mixamorig:LeftHandThumb1_$AssimpFbx$_Translation i:74 p:8 ToParentTransform:1.000000 0.000000 -0.000000 0.000000 0.000000 1.000000 -0.000000 0.000000 -0.000000 -0.000000 1.000000 -0.000000 -2.969011 3.032176 -1.285976 1.000000 OffetTransform:1.000000 0.000000 0.000000 0.000000 0.000000 1.000000 0.000000 0.000000 0.000000 0.000000 1.000000 0.000000 0.000000 0.000000 0.000000 1.000000 
ChildrenCount:1, 75 
Name:mixamorig:LeftHandThumb1_$AssimpFbx$_PreRotation i:75 p:74 ToParentTransform:0.826772 0.562537 -0.000000 0.000000 -0.537635 0.790173 -0.294237 0.000000 -0.165519 0.243267 0.955733 -0.000000 0.000000 0.000000 -0.000000 1.000000 OffetTransform:1.000000 0.000000 0.000000 0.000000 0.000000 1.000000 0.000000 0.000000 0.000000 0.000000 1.000000 0.000000 0.000000 0.000000 0.000000 1.000000 
ChildrenCount:1, 76 
Name:mixamorig:LeftHandThumb1_$AssimpFbx$_Rotation i:76 p:75 ToParentTransform:1.000000 0.000000 -0.000000 0.000000 0.000000 1.000000 -0.000000 0.000000 -0.000000 -0.000000 1.000000 -0.000000 0.000000 0.000000 -0.000000 1.000000 OffetTransform:1.000000 0.000000 0.000000 0.000000 0.000000 1.000000 0.000000 0.000000 0.000000 0.000000 1.000000 0.000000 0.000000 0.000000 0.000000 1.000000 
ChildrenCount:1, 9 
Name:mixamorig:LeftHandThumb2_$AssimpFbx$_Translation i:77 p:9 ToParentTransform:1.000000 0.000000 -0.000000 0.000000 0.000000 1.000000 -0.000000 0.000000 -0.000000 -0.000000 1.000000 -0.000000 -0.599185 3.496460 -0.000000 1.000000 OffetTransform:1.000000 0.000000 0.000000 0.000000 0.000000 1.000000 0.000000 0.000000 0.000000 0.000000 1.000000 0.000000 0.000000 0.000000 0.000000 1.000000 
ChildrenCount:1, 78 
Name:mixamorig:LeftHandThumb2_$AssimpFbx$_PreRotation i:78 p:77 ToParentTransform:1.000000 0.000000 -0.000000 0.000000 0.000000 0.993219 -0.116257 0.000000 -0.000000 0.116257 0.993219 -0.000000 0.000000 0.000000 -0.000000 1.000000 OffetTransform:1.000000 0.000000 0.000000 0.000000 0.000000 1.000000 0.000000 0.000000 0.000000 0.000000 1.000000 0.000000 0.000000 0.000000 0.000000 1.000000 
ChildrenCount:1, 79 
Name:mixamorig:LeftHandThumb2_$AssimpFbx$_Rotation i:79 p:78 ToParentTransform:1.000000 0.000000 -0.000000 0.000000 0.000000 1.000000 -0.000000 0.000000 -0.000000 -0.000000 1.000000 -0.000000 0.000000 0.000000 -0.000000 1.000000 OffetTransform:1.000000 0.000000 0.000000 0.000000 0.000000 1.000000 0.000000 0.000000 0.000000 0.000000 1.000000 0.000000 0.000000 0.000000 0.000000 1.000000 
ChildrenCount:1, 10 
Name:mixamorig:LeftHandThumb3_$AssimpFbx$_Translation i:80 p:10 ToParentTransform:1.000000 0.000000 -0.000000 0.000000 0.000000 1.000000 -0.000000 0.000000 -0.000000 -0.000000 1.000000 -0.000000 0.084901 3.370183 -0.000000 1.000000 OffetTransform:1.000000 0.000000 0.000000 0.000000 0.000000 1.000000 0.000000 0.000000 0.000000 0.000000 1.000000 0.000000 0.000000 0.000000 0.000000 1.000000 
ChildrenCount:1, 81 
Name:mixamorig:LeftHandThumb3_$AssimpFbx$_PreRotation i:81 p:80 ToParentTransform:1.000000 0.000000 -0.000000 0.000000 0.000000 0.995261 0.097236 0.000000 -0.000000 -0.097236 0.995261 -0.000000 0.000000 0.000000 -0.000000 1.000000 OffetTransform:1.000000 0.000000 0.000000 0.000000 0.000000 1.000000 0.000000 0.000000 0.000000 0.000000 1.000000 0.000000 0.000000 0.000000 0.000000 1.000000 
ChildrenCount:1, 82 
Name:mixamorig:LeftHandThumb3_$AssimpFbx$_Rotation i:82 p:81 ToParentTransform:1.000000 0.000000 -0.000000 0.000000 0.000000 1.000000 -0.000000 0.000000 -0.000000 -0.000000 1.000000 -0.000000 0.000000 0.000000 -0.000000 1.000000 OffetTransform:1.000000 0.000000 0.000000 0.000000 0.000000 1.000000 0.000000 0.000000 0.000000 0.000000 1.000000 0.000000 0.000000 0.000000 0.000000 1.000000 
ChildrenCount:1, 11 
Name:mixamorig:LeftHandThumb4 i:83 p:11 ToParentTransform:1.000000 0.000000 -0.000000 0.000000 0.000000 1.000000 -0.000000 0.000000 -0.000000 -0.000000 1.000000 -0.000000 0.514284 2.796334 0.000000 1.000000 OffetTransform:1.000000 0.000000 0.000000 0.000000 0.000000 1.000000 0.000000 0.000000 0.000000 0.000000 1.000000 0.000000 0.000000 0.000000 0.000000 1.000000 
ChildrenCount:0, 
Name:mixamorig:LeftHandIndex1_$AssimpFbx$_Translation i:84 p:8 ToParentTransform:1.000000 0.000000 -0.000000 0.000000 0.000000 1.000000 -0.000000 0.000000 -0.000000 -0.000000 1.000000 -0.000000 -3.481568 9.595496 -0.260316 1.000000 OffetTransform:1.000000 0.000000 0.000000 0.000000 0.000000 1.000000 0.000000 0.000000 0.000000 0.000000 1.000000 0.000000 0.000000 0.000000 0.000000 1.000000 
ChildrenCount:1, 85 
Name:mixamorig:LeftHandIndex1_$AssimpFbx$_PreRotation i:85 p:84 ToParentTransform:0.985471 0.169846 -0.000000 0.000000 -0.169800 0.985202 0.023350 0.000000 0.003966 -0.023011 0.999727 -0.000000 0.000000 0.000000 -0.000000 1.000000 OffetTransform:1.000000 0.000000 0.000000 0.000000 0.000000 1.000000 0.000000 0.000000 0.000000 0.000000 1.000000 0.000000 0.000000 0.000000 0.000000 1.000000 
ChildrenCount:1, 86 
Name:mixamorig:LeftHandIndex1_$AssimpFbx$_Rotation i:86 p:85 ToParentTransform:1.000000 0.000000 -0.000000 0.000000 0.000000 1.000000 -0.000000 0.000000 -0.000000 -0.000000 1.000000 -0.000000 0.000000 0.000000 -0.000000 1.000000 OffetTransform:1.000000 0.000000 0.000000 0.000000 0.000000 1.000000 0.000000 0.000000 0.000000 0.000000 1.000000 0.000000 0.000000 0.000000 0.000000 1.000000 
ChildrenCount:1, 12 
Name:mixamorig:LeftHandIndex2_$AssimpFbx$_Translation i:87 p:12 ToParentTransform:1.000000 0.000000 -0.000000 0.000000 0.000000 1.000000 -0.000000 0.000000 -0.000000 -0.000000 1.000000 -0.000000 0.042167 3.405153 0.000000 1.000000 OffetTransform:1.000000 0.000000 0.000000 0.000000 0.000000 1.000000 0.000000 0.000000 0.000000 0.000000 1.000000 0.000000 0.000000 0.000000 0.000000 1.000000 
ChildrenCount:1, 88 
Name:mixamorig:LeftHandIndex2_$AssimpFbx$_PreRotation i:88 p:87 ToParentTransform:1.000000 0.000000 -0.000000 0.000000 0.000000 0.985378 -0.170384 0.000000 -0.000000 0.170384 0.985378 -0.000000 0.000000 0.000000 -0.000000 1.000000 OffetTransform:1.000000 0.000000 0.000000 0.000000 0.000000 1.000000 0.000000 0.000000 0.000000 0.000000 1.000000 0.000000 0.000000 0.000000 0.000000 1.000000 
ChildrenCount:1, 89 
Name:mixamorig:LeftHandIndex2_$AssimpFbx$_Rotation i:89 p:88 ToParentTransform:1.000000 0.000000 -0.000000 0.000000 0.000000 1.000000 -0.000000 0.000000 -0.000000 -0.000000 1.000000 -0.000000 0.000000 0.000000 -0.000000 1.000000 OffetTransform:1.000000 0.000000 0.000000 0.000000 0.000000 1.000000 0.000000 0.000000 0.000000 0.000000 1.000000 0.000000 0.000000 0.000000 0.000000 1.000000 
ChildrenCount:1, 13 
Name:mixamorig:LeftHandIndex3_$AssimpFbx$_Translation i:90 p:13 ToParentTransform:1.000000 0.000000 -0.000000 0.000000 0.000000 1.000000 -0.000000 0.000000 -0.000000 -0.000000 1.000000 -0.000000 -0.006675 3.148556 -0.000000 1.000000 OffetTransform:1.000000 0.000000 0.000000 0.000000 0.000000 1.000000 0.000000 0.000000 0.000000 0.000000 1.000000 0.000000 0.000000 0.000000 0.000000 1.000000 
ChildrenCount:1, 91 
Name:mixamorig:LeftHandIndex3_$AssimpFbx$_PreRotation i:91 p:90 ToParentTransform:1.000000 0.000000 -0.000000 0.000000 0.000000 0.991550 -0.129726 0.000000 -0.000000 0.129726 0.991550 -0.000000 0.000000 0.000000 -0.000000 1.000000 OffetTransform:1.000000 0.000000 0.000000 0.000000 0.000000 1.000000 0.000000 0.000000 0.000000 0.000000 1.000000 0.000000 0.000000 0.000000 0.000000 1.000000 
ChildrenCount:1, 92 
Name:mixamorig:LeftHandIndex3_$AssimpFbx$_Rotation i:92 p:91 ToParentTransform:1.000000 0.000000 -0.000000 0.000000 0.000000 1.000000 -0.000000 0.000000 -0.000000 -0.000000 1.000000 -0.000000 0.000000 0.000000 -0.000000 1.000000 OffetTransform:1.000000 0.000000 0.000000 0.000000 0.000000 1.000000 0.000000 0.000000 0.000000 0.000000 1.000000 0.000000 0.000000 0.000000 0.000000 1.000000 
ChildrenCount:1, 14 
Name:mixamorig:LeftHandIndex4 i:93 p:14 ToParentTransform:1.000000 0.000000 -0.000000 0.000000 0.000000 1.000000 -0.000000 0.000000 -0.000000 -0.000000 1.000000 -0.000000 -0.035492 2.687832 -0.000000 1.000000 OffetTransform:1.000000 0.000000 0.000000 0.000000 0.000000 1.000000 0.000000 0.000000 0.000000 0.000000 1.000000 0.000000 0.000000 0.000000 0.000000 1.000000 
ChildrenCount:0, 
Name:mixamorig:LeftHandMiddle1_$AssimpFbx$_Translation i:94 p:8 ToParentTransform:1.000000 0.000000 -0.000000 0.000000 0.000000 1.000000 -0.000000 0.000000 -0.000000 -0.000000 1.000000 -0.000000 -1.066643 10.208392 0.299844 1.000000 OffetTransform:1.000000 0.000000 0.000000 0.000000 0.000000 1.000000 0.000000 0.000000 0.000000 0.000000 1.000000 0.000000 0.000000 0.000000 0.000000 1.000000 
ChildrenCount:1, 95 
Name:mixamorig:LeftHandMiddle1_$AssimpFbx$_PreRotation i:95 p:94 ToParentTransform:0.999097 0.042480 -0.000000 0.000000 -0.042428 0.997873 -0.049493 0.000000 -0.002102 0.049449 0.998774 -0.000000 0.000000 0.000000 -0.000000 1.000000 OffetTransform:1.000000 0.000000 0.000000 0.000000 0.000000 1.000000 0.000000 0.000000 0.000000 0.000000 1.000000 0.000000 0.000000 0.000000 0.000000 1.000000 
ChildrenCount:1, 96 
Name:mixamorig:LeftHandMiddle1_$AssimpFbx$_Rotation i:96 p:95 ToParentTransform:1.000000 0.000000 -0.000000 0.000000 0.000000 1.000000 -0.000000 0.000000 -0.000000 -0.000000 1.000000 -0.000000 0.000000 0.000000 -0.000000 1.000000 OffetTransform:1.000000 0.000000 0.000000 0.000000 0.000000 1.000000 0.000000 0.000000 0.000000 0.000000 1.000000 0.000000 0.000000 0.000000 0.000000 1.000000 
ChildrenCount:1, 15 
Name:mixamorig:LeftHandMiddle2_$AssimpFbx$_Translation i:97 p:15 ToParentTransform:1.000000 0.000000 -0.000000 0.000000 0.000000 1.000000 -0.000000 0.000000 -0.000000 -0.000000 1.000000 -0.000000 0.019504 3.509109 -0.000000 1.000000 OffetTransform:1.000000 0.000000 0.000000 0.000000 0.000000 1.000000 0.000000 0.000000 0.000000 0.000000 1.000000 0.000000 0.000000 0.000000 0.000000 1.000000 
ChildrenCount:1, 98 
